Q2_avg = 9.81084
tau_avg = 2.78766
epsilon_avg = 0.571923
Px_avg = 0.990346
Pz_avg = -0.0284837
