Q2_avg = 9.78015
tau_avg = 2.77894
epsilon_avg = 0.574249
Px_avg = 0.99098
Pz_avg = -0.0297032
