Q2_avg = 9.8064
tau_avg = 2.7864
epsilon_avg = 0.572006
Px_avg = 0.990337
Pz_avg = -0.0285323
