Aphys = 0.106174
err_Aphys_stat = 0.176678
err_Aphys_sys = 0.0616528

err_Aacc_sys = 0.00561819
err_Aacc_sys_% = 0.830398

err_Api_sys = 0
err_Api_sys_% = 0

err_Ain_sys = 0.0610486
err_Ain_sys_% = 98.0494

err_Ap_sys = 0
err_Ap_sys_% = 0

err_Afsi_sys = 0
err_Afsi_sys_% = 0

err_fN2_sys_% = 6.74221e-05
err_fN2_sys_% = 0.000119591

err_facc_sys = 0.00162457
err_facc_sys_% = 0.0694335

err_fpi_sys = 0
err_fpi_sys_% = 0

err_fin_sys = 0.00312178
err_fin_sys_% = 0.256389

err_fp_sys = 0.000822384
err_fp_sys_% = 0.0177928

err_ffsi_sys = 0
err_ffsi_sys_% = 0

err_Ptar_sys = 0.00540285
err_Ptar_sys_% = 0.767962

err_Pn_sys = 0.00055299
err_Pn_sys_% = 0.00804503

err_Pbeam_sys = 0.000127469
err_Pbeam_sys_% = 0.000427469
