Aphys = 0.42883
err_Aphys_stat = 0.172292
err_Aphys_sys = 0.158562

err_Aacc_sys = 0.00477093
err_Aacc_sys_% = 0.0905333

err_Api_sys = 0.0771432
err_Api_sys_% = 23.6699

err_Ain_sys = 0.0433581
err_Ain_sys_% = 7.47724

err_Ap_sys = 0
err_Ap_sys_% = 0

err_Afsi_sys = 0
err_Afsi_sys_% = 0

err_fN2_sys_% = 0.00207675
err_fN2_sys_% = 0.0171542

err_facc_sys = 0.00040669
err_facc_sys_% = 0.000657851

err_fpi_sys = 0.0976257
err_fpi_sys_% = 37.9079

err_fin_sys = 0.085211
err_fin_sys_% = 28.8797

err_fp_sys = 0.00236889
err_fp_sys_% = 0.0223198

err_ffsi_sys = 0
err_ffsi_sys_% = 0

err_Ptar_sys = 0.021935
err_Ptar_sys_% = 1.91371

err_Pn_sys = 0.00223349
err_Pn_sys_% = 0.0198413

err_Pbeam_sys = 0.00051484
err_Pbeam_sys_% = 0.00105426
