Aphys = 0.107551
err_Aphys_stat = 0.177592
err_Aphys_sys = 0.123488

err_Aacc_sys = 0.00564726
err_Aacc_sys_% = 0.209136

err_Api_sys = 0
err_Api_sys_% = 0

err_Ain_sys = 0.12318
err_Ain_sys_% = 99.5018

err_Ap_sys = 0
err_Ap_sys_% = 0

err_Afsi_sys = 0
err_Afsi_sys_% = 0

err_fN2_sys_% = 6.86501e-05
err_fN2_sys_% = 3.09055e-05

err_facc_sys = 0.00162671
err_facc_sys_% = 0.0173529

err_fpi_sys = 0
err_fpi_sys_% = 0

err_fin_sys = 0.00323137
err_fin_sys_% = 0.0684743

err_fp_sys = 0.000837248
err_fp_sys_% = 0.00459685

err_ffsi_sys = 0
err_ffsi_sys_% = 0

err_Ptar_sys = 0.00547293
err_Ptar_sys_% = 0.196423

err_Pn_sys = 0.000560162
err_Pn_sys_% = 0.00205769

err_Pbeam_sys = 0.000129123
err_Pbeam_sys_% = 0.000109335
