Aphys = 0.291575
err_Aphys_stat = 0.141602
err_Aphys_sys = 0.0488096

err_Aacc_sys = 0.00235292
err_Aacc_sys_% = 0.232383

err_Api_sys = 0
err_Api_sys_% = 0

err_Ain_sys = 0.0451794
err_Ain_sys_% = 85.6781

err_Ap_sys = 0
err_Ap_sys_% = 0

err_Afsi_sys = 0
err_Afsi_sys_% = 0

err_fN2_sys_% = 0.000129427
err_fN2_sys_% = 0.000703138

err_facc_sys = 0.000417263
err_facc_sys_% = 0.00730817

err_fpi_sys = 0
err_fpi_sys_% = 0

err_fin_sys = 0.0105065
err_fin_sys_% = 4.63347

err_fp_sys = 0.00169897
err_fp_sys_% = 0.121161

err_ffsi_sys = 0
err_ffsi_sys_% = 0

err_Ptar_sys = 0.0148247
err_Ptar_sys_% = 9.22491

err_Pn_sys = 0.00151862
err_Pn_sys_% = 0.0968028

err_Pbeam_sys = 0.000350056
err_Pbeam_sys_% = 0.00514358
