Np = 2395
Nm = 2242
A_raw = 0.0329955
err_A_raw = 0.0146773
Np_p = 5854
Np_m = 5721
A_raw_p = 0.0114903
err_Araw_p = 0.00929417
Np_verify = 2395
Nm_verify = 2242
A_raw_verify = 0.0368009
err_A_raw_verify = 0.0140576
