total_good_events = 13289
Np = 6703
Nm = 6586
A_raw = 0.00880427
err_A_raw = 0.00867435
Np_p = 9808
Np_m = 9795
A_raw_p = 0.000663164
err_Araw_p = 0.00714231
Np_verify = 6703
Nm_verify = 6586
A_raw_verify = 0.00810767
err_A_raw_verify = 0.00850352
