Np = 2468
Nm = 2330
A_raw = 0.028762
err_A_raw = 0.0144308
Np_p = 6211
Np_m = 6141
A_raw_p = 0.0056671
err_Araw_p = 0.00899755
Np_verify = 2468
Nm_verify = 2330
A_raw_verify = 0.0459559
err_A_raw_verify = 0.0138139
