Np = 2568
Nm = 2431
A_raw = 0.0274055
err_A_raw = 0.0141382
Np_p = 7184
Np_m = 7033
A_raw_p = 0.0106211
err_Araw_p = 0.00838632
Np_verify = 2568
Nm_verify = 2431
A_raw_verify = 0.03708
err_A_raw_verify = 0.013536
