Np = 2395
Nm = 2242
A_raw = 0.0329955
err_A_raw = 0.0146773
