Np = 3171
Nm = 3005
A_raw = 0.0268782
err_A_raw = 0.0127201
