Np = 2561
Nm = 2420
A_raw = 0.0283076
err_A_raw = 0.0141634
Np_p = 7193
Np_m = 7029
A_raw_p = 0.0115314
err_Araw_p = 0.00838476
Np_verify = 2561
Nm_verify = 2420
A_raw_verify = 0.0385012
err_A_raw_verify = 0.0135731
