lambda = -0.590273
sigma_lambda_stat = 0.493807
sigma_lambda_sys  = 0.299432
sigma_lambda      = 0.577499
