lambda = -0.202934
sigma_lambda_stat = 0.435039
sigma_lambda_sys  = 0.151809
sigma_lambda      = 0.460766
