lambda = -1.38105
sigma_lambda_stat = 1.07583
sigma_lambda_sys  = 0.990095
sigma_lambda      = 1.46209
