lambda = -0.719723
sigma_lambda_stat = 0.433358
sigma_lambda_sys  = 0.149377
sigma_lambda      = 0.45838
