lambda = -1.05653
sigma_lambda_stat = 0.369131
sigma_lambda_sys  = 0.20991
sigma_lambda      = 0.424641
