lambda = -0.206355
sigma_lambda_stat = 0.437576
sigma_lambda_sys  = 0.304267
sigma_lambda      = 0.532965
