lambda = -0.650448
sigma_lambda_stat = 0.253827
sigma_lambda_sys  = 0.0528528
sigma_lambda      = 0.259272
