lambda = -1.33717
sigma_lambda_stat = 0.766677
sigma_lambda_sys  = 0.923224
sigma_lambda      = 1.20006
