Q2 = 9.70795
tau = 2.75843
epsilon  = 0.575749
Px      = 0.990771
Pz      = -0.0265458
Aacc      = 0.0302506+-0.0293856
Api      = 0.00113515+-0.00325712
Ain      = 0.00606546+-0.00072356
Ap       = 0+-0
Afsi     = 0.0003+-0.0005
facc     = 0.0199413+-0.00121271
fpi      = 1.08222e-12+-8.798e-09
fin      = 0.315219+-0.00550817
fp       = 0.0489185+-0.00166528
fN2      = 0.0244875+-0.000578185
ffsi     = 0.0287+-0.0026
lambda = 0.00210296+-0.130115(stat) +-0.00973783(sys)
mu_n*G_E/G_M = -0.00402304+--0.248916(stat) +--0.0186289(sys)
