#run N+ N- A_raw dA_raw beamPol dBeam targetPol dTgt
2506 40 21 0.311475 0.121668 -1 -1 37.7288 0.824031
2507 22 13 0.257143 0.163347 -1 -1 38.2588 0.832344
2511 35 39 -0.0540541 0.116078 -1 -1 39.3853 0.849812
2512 9 20 -0.37931 0.171818 -1 -1 39.9359 0.859374
2516 52 43 0.0947368 0.102136 -1 -1 42.778 0.966908
2517 39 29 0.147059 0.119949 -1 -1 42.7286 0.954739
2518 21 13 0.235294 0.166684 -1 -1 42.4332 0.940312
2519 21 20 0.0243902 0.156127 -1 -1 41.9906 0.930218
2520 35 39 -0.0540541 0.116078 -1 -1 41.7644 0.922606
2521 41 31 0.138889 0.116709 -1 -1 41.6558 0.916413
2522 32 26 0.103448 0.130602 -1 -1 41.7162 0.912531
2523 9 10 -0.0526316 0.229098 -1 -1 41.7453 0.910598
2524 35 48 -0.156627 0.10841 -1 -1 41.361 0.911304
2525 23 27 -0.08 0.140968 -1 -1 40.8 0.91321
2526 13 23 -0.277778 0.160108 -1 -1 40.6287 0.968497
2527 43 48 -0.0549451 0.10467 -1 -1 40.7032 1.07087
2528 45 34 0.139241 0.111413 -1 -1 40.7319 1.14166
2529 17 17 0 0.171499 -1 -1 40.7084 1.1538
2531 1 3 -0.5 0.433013 -1 -1 40.7314 1.1598
2535 30 28 0.0344828 0.131228 -1 -1 40.8663 1.15091
2536 11 2 0.692308 0.200137 -1 -1 40.8781 1.14792
2537 24 27 -0.0588235 0.139786 -1 -1 40.7595 1.14637
2539 59 43 0.156863 0.097789 -1 -1 40.5342 1.14439
2540 60 52 0.0714286 0.0942498 -1 -1 40.3333 1.14304
2541 46 36 0.121951 0.109607 -1 -1 41.7009 1.15437
2542 43 44 -0.0114943 0.107204 -1 -1 44.744 1.17861
2543 50 45 0.0526316 0.102456 -1 -1 45.9697 1.18849
2544 49 35 0.166667 0.107583 -1 -1 46.0332 1.18612
2545 1 1 0 0.707107 -1 -1 46.3496 1.17922
2551 54 41 0.136842 0.101633 -1 -1 43.336 0.985458
2552 33 28 0.0819672 0.127606 -1 -1 43.0536 0.970328
2553 48 40 0.0909091 0.106159 -1 -1 42.9455 0.962606
2554 56 30 0.302326 0.102787 -1 -1 42.8866 0.9629
2555 29 39 -0.147059 0.119949 -1 -1 42.8825 0.963193
2556 41 53 -0.12766 0.102298 -1 -1 42.5223 0.95551
2557 42 53 -0.115789 0.101908 -1 -1 41.9788 0.94002
2558 42 53 -0.115789 0.101908 -1 -1 41.3214 0.923423
2559 21 21 0 0.154303 -1 -1 41.1862 0.916614
2560 28 27 0.0181818 0.134818 -1 -1 41.4304 0.920516
2561 49 37 0.139535 0.106778 -1 -1 41.6228 0.923672
2562 31 22 0.169811 0.135366 -1 -1 41.7398 0.925479
2563 5 13 -0.444444 0.211144 -1 -1 41.8048 0.926583
2564 1 3 -0.5 0.433013 -1 -1 41.8524 0.927333
2565 12 14 -0.0769231 0.195535 -1 -1 41.8838 0.927865
2566 5 1 0.666667 0.30429 -1 -1 41.9181 0.928449
2568 1 2 -0.333333 0.544331 -1 -1 41.9494 0.928906
2569 4 5 -0.111111 0.331269 -1 -1 42.052 0.929527
2570 5 1 0.666667 0.30429 -1 -1 42.0394 0.93026
2571 14 11 0.12 0.198555 -1 -1 42.0958 0.930974
2572 52 28 0.3 0.106654 -1 -1 42.2286 0.932593
2574 74 72 0.0136986 0.0827528 -1 -1 42.4693 0.935159
2575 56 49 0.0666667 0.0973729 -1 -1 42.5984 0.941566
2576 27 25 0.0384615 0.138572 -1 -1 42.6963 0.949481
2577 29 31 -0.0333333 0.129028 -1 -1 42.7375 0.957893
2578 22 20 0.047619 0.154128 -1 -1 43.5381 0.964757
2579 43 47 -0.0444444 0.105305 -1 -1 43.936 0.967328
2580 39 44 -0.060241 0.109565 -1 -1 44.5218 0.977048
2581 30 31 -0.0163934 0.12802 -1 -1 44.6585 0.986119
2583 86 71 0.0955414 0.0794436 -1 -1 43.7175 0.99997
2585 67 55 0.0983607 0.0900967 -1 -1 43.027 0.972807
2586 73 45 0.237288 0.0894282 -1 -1 42.6981 0.959125
2587 42 31 0.150685 0.115705 -1 -1 42.377 0.946748
2613 53 57 -0.0363636 0.0952832 86.488 0.08 42.0817 0.984904
2614 34 23 0.192982 0.129963 86.488 0.08 42.4302 0.984294
2615 45 56 -0.108911 0.0989118 86.488 0.08 42.9166 0.983544
2616 35 47 -0.146341 0.109243 86.488 0.08 43.1249 0.98573
2617 53 42 0.115789 0.101908 86.488 0.08 43.1322 0.992242
2618 69 69 0 0.0851257 86.488 0.08 43.155 0.999146
2619 58 35 0.247312 0.100474 86.488 0.08 43.25 1.00567
2620 61 51 0.0892857 0.0941137 86.488 0.08 43.3016 1.00929
2621 47 44 0.032967 0.104772 86.488 0.08 43.3339 1.01308
2622 49 36 0.152941 0.107189 86.488 0.08 43.1446 1.01593
2623 37 22 0.254237 0.125911 86.488 0.08 42.9398 1.01839
2624 64 47 0.153153 0.093796 86.488 0.08 42.821 1.01515
2625 60 57 0.025641 0.0924196 86.488 0.08 42.7772 1.00638
2626 66 51 0.128205 0.0916871 86.488 0.08 42.8014 1.00212
2627 55 62 -0.0598291 0.0922844 86.488 0.08 42.8684 1.00347
2628 41 44 -0.0352941 0.108398 86.488 0.08 42.9209 1.00458
2629 66 65 0.00763359 0.0873679 86.488 0.08 43.0935 1.00469
2630 8 5 0.230769 0.269864 86.488 0.08 43.2711 1.0042
2631 64 57 0.0578512 0.0907568 86.488 0.08 43.4196 1.00378
2632 20 23 -0.0697674 0.152127 86.488 0.08 43.6656 1.0031
2633 51 31 0.243902 0.107096 86.488 0.08 44.2663 1.012
2634 14 12 0.0769231 0.195535 86.488 0.08 44.9244 1.02333
2635 97 74 0.134503 0.075777 86.488 0.08 46.4363 1.05077
2637 74 41 0.286957 0.0893287 86.488 0.08 46.1869 1.04751
2638 47 44 0.032967 0.104772 86.488 0.08 45.8878 1.03685
2646 57 62 -0.0420168 0.0915889 86.488 0.08 45.1503 1.01018
2647 50 58 -0.0740741 0.0959607 86.488 0.08 44.8333 0.995675
2648 43 45 -0.0227273 0.106573 86.488 0.08 44.5679 0.982857
2649 13 13 0 0.196116 86.488 0.08 44.3675 0.974244
2650 54 47 0.0693069 0.0992645 86.488 0.08 44.5614 0.976931
2651 64 51 0.113043 0.0926527 86.488 0.08 45.2313 0.98754
2659 40 51 -0.120879 0.10406 86.488 0.08 45.2421 0.998576
2660 47 51 -0.0408163 0.100931 86.488 0.08 45.0535 1.00099
2661 47 47 0 0.103142 86.488 0.08 44.9304 0.998788
2662 17 26 -0.209302 0.149121 86.488 0.08 44.6563 0.992991
2667 63 46 0.155963 0.0946105 86.488 0.08 44.1367 0.984787
2668 52 61 -0.079646 0.0937732 86.488 0.08 44.1812 0.98175
2669 56 51 0.046729 0.096568 86.488 0.08 44.3013 0.982323
2670 56 45 0.108911 0.0989118 86.488 0.08 44.4641 0.982892
2671 57 47 0.0961538 0.0976037 86.488 0.08 44.3946 0.983775
2674 61 44 0.161905 0.0963024 86.488 0.08 44.2321 0.985109
2676 42 59 -0.168317 0.0980841 86.488 0.08 44.1534 0.985679
2677 47 42 0.0561798 0.105832 86.488 0.08 44.342 0.984809
2678 3 3 0 0.408248 86.488 0.08 44.4299 0.984404
2679 58 48 0.0943396 0.0966954 86.488 0.08 44.4874 0.983968
2680 54 58 -0.0357143 0.0944308 86.488 0.08 44.6537 0.98571
2681 45 41 0.0465116 0.107716 86.488 0.08 44.7458 0.989218
2683 31 24 0.127273 0.133743 86.488 0.08 44.8604 0.992849
2684 51 39 0.133333 0.104468 86.488 0.08 44.8525 0.993992
2685 39 40 -0.0126582 0.1125 86.488 0.08 44.822 0.994173
2687 53 49 0.0392157 0.0989386 86.488 0.08 44.7633 0.994421
2688 48 37 0.129412 0.107553 86.488 0.08 44.7277 0.991803
2689 58 42 0.16 0.0987117 86.488 0.08 44.6503 0.986245
2690 31 38 -0.101449 0.119765 86.488 0.08 44.5599 0.981286
2691 52 49 0.029703 0.0994598 86.488 0.08 44.5292 0.98183
2692 60 59 0.00840336 0.0916666 86.488 0.08 44.474 0.985922
2693 45 42 0.0344828 0.107147 86.488 0.08 44.404 0.989819
2694 73 67 0.0428571 0.0844378 86.488 0.08 44.538 0.992155
2695 70 58 0.09375 0.0879991 86.488 0.08 44.7986 0.993289
2696 29 37 -0.121212 0.122184 86.488 0.08 45.0026 0.994307
2697 54 49 0.0485437 0.0984168 86.488 0.08 45.2268 0.998511
2698 54 48 0.0588235 0.0988433 86.488 0.08 45.4327 1.00495
2699 60 45 0.142857 0.0965891 86.488 0.08 45.5979 1.01191
2700 74 56 0.138462 0.086861 86.488 0.08 45.8305 1.01592
2701 55 57 -0.0178571 0.0944761 86.488 0.08 46.0222 1.01729
2702 73 57 0.123077 0.087039 86.488 0.08 46.1691 1.01869
2703 52 55 -0.0280374 0.0966356 86.488 0.08 46.4112 1.02208
2704 53 55 -0.0185185 0.0962085 86.488 0.08 46.625 1.02784
2705 53 36 0.191011 0.104048 86.488 0.08 46.818 1.03294
2706 65 63 0.015625 0.0883776 86.488 0.08 46.9329 1.03748
2707 36 31 0.0746269 0.121829 86.488 0.08 46.9452 1.04023
2709 23 37 -0.233333 0.125536 86.488 0.08 47.0429 1.04445
2710 9 15 -0.25 0.197642 86.488 0.08 46.9459 1.0454
2711 63 62 0.008 0.0894399 86.488 0.08 46.8434 1.04362
2712 65 55 0.0833333 0.0909696 86.488 0.08 46.6849 1.04106
2713 12 6 0.333333 0.222222 86.488 0.08 46.5968 1.03938
2714 56 46 0.0980392 0.0985378 86.488 0.08 46.5986 1.03854
2715 48 37 0.129412 0.107553 86.488 0.08 46.6646 1.03734
2716 61 61 0 0.0905357 86.488 0.08 46.6593 1.03634
2717 54 51 0.0285714 0.0975502 86.488 0.08 46.7509 1.03688
2718 64 57 0.0578512 0.0907568 86.488 0.08 46.754 1.03903
2719 57 45 0.117647 0.0983271 86.488 0.08 46.7499 1.04096
2720 50 47 0.0309278 0.101486 86.488 0.08 46.7629 1.04084
2721 56 47 0.0873786 0.0981561 86.488 0.08 46.7708 1.03844
2722 72 39 0.297297 0.0906242 86.488 0.08 46.7628 1.03609
2723 56 46 0.0980392 0.0985378 86.488 0.08 46.8118 1.03582
2724 62 44 0.169811 0.0957179 86.488 0.08 46.8615 1.03789
2725 57 60 -0.025641 0.0924196 86.488 0.08 46.9538 1.04006
2726 72 64 0.0588235 0.0856008 86.488 0.08 47.1278 1.04352
2727 51 47 0.0408163 0.100931 86.488 0.08 47.5114 1.04801
2728 54 47 0.0693069 0.0992645 86.488 0.08 47.9302 1.05262
2729 62 43 0.180952 0.095979 86.488 0.08 48.2905 1.06091
2730 19 16 0.0857143 0.168409 86.488 0.08 48.5034 1.0683
2763 55 37 0.195652 0.102242 86.488 0.08 43.7789 0.973587
2764 45 43 0.0227273 0.106573 86.488 0.08 44.7596 0.996184
2765 50 25 0.333333 0.108866 86.488 0.08 45.8708 1.01907
2766 57 43 0.14 0.0990152 86.488 0.08 46.2876 1.02984
2767 69 65 0.0298507 0.0863483 86.488 0.08 46.4107 1.02928
2768 54 58 -0.0357143 0.0944308 86.488 0.08 46.5288 1.02868
2769 56 41 0.154639 0.100313 86.488 0.08 39.5306 0.881925
2770 32 22 0.185185 0.133729 86.488 0.08 28.8768 0.644534
2959 28 29 -0.0175439 0.132433 86.488 0.08 35.9712 1.00757
2964 34 35 -0.0144928 0.120373 86.488 0.08 29.1959 0.814442
2966 43 45 -0.0227273 0.106573 86.488 0.08 32.5897 0.918506
2967 25 28 -0.0566038 0.13714 86.488 0.08 34.7525 0.988615
2968 67 45 0.196429 0.0926503 86.488 0.08 36.7449 1.04467
2970 33 34 -0.0149254 0.122156 86.488 0.08 38.4478 1.09172
2971 5 2 0.428571 0.341494 86.488 0.08 39.0318 1.10351
2973 25 28 -0.0566038 0.13714 86.488 0.08 39.6002 1.11652
2974 50 30 0.25 0.108253 86.488 0.08 40.0572 1.12295
2976 8 9 -0.0588235 0.242116 86.488 0.08 40.0018 1.1208
2981 1 2 -0.333333 0.544331 86.488 0.08 39.9451 1.11866
2983 43 40 0.0361446 0.109693 86.488 0.08 39.8675 1.11525
2984 93 87 0.0333333 0.0744942 86.488 0.08 39.7229 1.10985
2985 87 71 0.101266 0.0791468 86.488 0.08 39.6334 1.11263
2986 11 15 -0.153846 0.193781 86.488 0.08 39.5816 1.11554
2988 6 11 -0.294118 0.231808 86.488 0.08 39.546 1.11149
2989 80 82 -0.0123457 0.0785614 86.488 0.08 39.9721 1.11906
2990 22 27 -0.102041 0.142111 86.488 0.08 40.3789 1.13277
2995 81 89 -0.0470588 0.0766115 86.488 0.08 40.8312 1.14682
2996 10 9 0.0526316 0.229098 86.488 0.08 39.8677 1.11992
2997 46 58 -0.115385 0.0974031 86.488 0.08 22.7116 0.663236
2998 84 67 0.112583 0.0808615 86.488 0.08 24.505 0.717369
2999 91 72 0.116564 0.0777921 86.488 0.08 25.4786 0.751677
3000 26 30 -0.0714286 0.133289 86.488 0.08 25.7898 0.760931
3001 15 21 -0.166667 0.164336 86.488 0.08 25.9034 0.765649
3003 24 22 0.0434783 0.147303 86.488 0.08 26.0269 0.770088
3004 100 96 0.0204082 0.0714137 86.488 0.08 26.4907 0.779471
3005 69 63 0.0454545 0.0869489 86.488 0.08 28.3151 0.834958
3006 35 40 -0.0666667 0.115213 86.488 0.08 32.5789 0.968995
3007 101 76 0.141243 0.0744111 86.488 0.08 34.4067 1.02663
3008 40 33 0.0958904 0.116502 86.488 0.08 36.2989 1.06857
3009 31 19 0.24 0.137288 86.488 0.08 36.87 1.07784
3011 39 50 -0.123596 0.105187 86.488 0.08 38.3036 1.11681
3013 27 35 -0.129032 0.125938 86.488 0.08 39.0879 1.14522
3014 56 43 0.131313 0.0996335 86.488 0.08 39.4691 1.15999
3016 45 34 0.139241 0.111413 86.488 0.08 39.6531 1.16228
3017 25 25 0 0.141421 86.488 0.08 39.9536 1.17156
3018 34 40 -0.0810811 0.115865 86.488 0.08 40.4716 1.2012
3019 25 30 -0.0909091 0.134282 86.488 0.08 40.6368 1.20563
3020 42 46 -0.0454545 0.10649 86.488 0.08 40.6426 1.19512
3021 38 36 0.027027 0.116205 86.488 0.08 40.8155 1.19878
3022 5 14 -0.473684 0.202045 86.488 0.08 41.0694 1.20984
3024 18 22 -0.1 0.157321 86.488 0.08 41.5706 1.22949
3025 31 28 0.0508475 0.130021 86.488 0.08 41.8685 1.23697
3026 35 32 0.0447761 0.122047 86.488 0.08 42.3146 1.23939
3027 86 58 0.194444 0.0817428 86.488 0.08 42.5013 1.23993
3028 84 79 0.0306748 0.0782892 86.488 0.08 42.1973 1.23793
3029 34 28 0.0967742 0.126404 86.488 0.08 42.1085 1.23828
3030 66 84 -0.12 0.0810596 86.488 0.08 42.0222 1.23564
3035 96 90 0.0322581 0.0732854 86.488 0.08 40.0561 1.17633
3036 69 68 0.00729927 0.0854335 86.488 0.08 40.3837 1.18951
3037 13 17 -0.133333 0.180944 86.488 0.08 40.3637 1.19168
3038 95 76 0.111111 0.0759984 86.488 0.08 40.4135 1.18331
3039 20 26 -0.130435 0.146182 86.488 0.08 38.8786 1.13057
3043 90 83 0.0404624 0.0759663 86.488 0.08 39.8287 1.17034
3045 119 93 0.122642 0.0681618 86.488 0.08 40.4796 1.19349
3046 39 43 -0.0487805 0.1103 86.488 0.08 40.6131 1.1987
3047 17 15 0.0625 0.176431 86.488 0.08 40.6749 1.20036
3048 95 68 0.165644 0.077244 86.488 0.08 40.6878 1.19585
3049 104 90 0.0721649 0.0716086 86.488 0.08 40.3029 1.18313
3050 102 94 0.0408163 0.071369 86.488 0.08 40.1518 1.17886
3051 77 84 -0.0434783 0.0787365 86.488 0.08 40.2072 1.19206
3052 50 59 -0.0825688 0.0954556 86.488 0.08 40.2265 1.19544
3054 28 26 0.037037 0.135989 86.488 0.08 40.2992 1.18307
3055 36 29 0.107692 0.123313 86.488 0.08 40.1419 1.17858
3058 53 46 0.0707071 0.100252 86.488 0.08 39.6939 1.17251
3059 50 51 -0.00990099 0.0994988 86.488 0.08 39.7878 1.18123
3061 34 30 0.0625 0.124756 86.488 0.08 40.5563 1.21173
3062 49 38 0.126437 0.106351 86.488 0.08 41.2416 1.23879
3063 49 44 0.0537634 0.103545 86.488 0.08 41.8575 1.26317
3064 62 60 0.0163934 0.0905236 86.488 0.08 42.5497 1.29461
3065 48 47 0.0105263 0.102592 86.488 0.08 43.0913 1.30424
3068 44 52 -0.0833333 0.101707 86.488 0.08 43.1597 1.29097
3069 13 20 -0.212121 0.170116 86.488 0.08 43.2041 1.28449
3075 46 36 0.121951 0.109607 86.488 0.08 41.4499 1.2307
3076 30 37 -0.104478 0.121501 86.488 0.08 41.6784 1.22362
3077 101 95 0.0306122 0.0713951 86.488 0.08 42.0843 1.23451
3079 99 86 0.0702703 0.0733397 86.488 0.08 42.8813 1.26883
3080 43 50 -0.0752688 0.103401 86.488 0.08 43.2408 1.27992
3082 71 74 -0.0206897 0.0830277 86.488 0.08 43.2048 1.27385
3089 96 83 0.0726257 0.0745461 86.488 0.08 43.1687 1.26251
3090 57 62 -0.0420168 0.0915889 86.488 0.08 42.8355 1.24771
3091 75 74 0.00671141 0.0819213 86.488 0.08 42.4496 1.23787
3092 103 85 0.0957447 0.0725974 86.488 0.08 41.973 1.2318
3093 39 38 0.012987 0.113951 86.488 0.08 41.9671 1.23035
3108 74 49 0.203252 0.0882849 86.488 0.08 36.842 1.09432
3109 67 57 0.0806452 0.0895102 86.488 0.08 37.5958 1.11285
3110 75 50 0.2 0.0876356 86.488 0.08 38.43 1.13373
3111 14 17 -0.0967742 0.178762 86.488 0.08 38.878 1.14548
3112 69 86 -0.109677 0.0798374 86.488 0.08 39.3536 1.15782
3113 49 54 -0.0485437 0.0984168 86.488 0.08 39.8302 1.17396
3114 92 47 0.323741 0.080251 86.488 0.08 40.3106 1.18957
3115 70 64 0.0447761 0.0863002 86.488 0.08 40.707 1.20166
3116 55 60 -0.0434783 0.0931623 86.488 0.08 40.9313 1.20678
3117 59 51 0.0727273 0.0950938 86.488 0.08 41.0672 1.21089
3118 46 51 -0.0515464 0.1014 86.488 0.08 41.0328 1.2083
3119 45 37 0.097561 0.109905 86.488 0.08 40.7843 1.20082
3120 40 59 -0.191919 0.0986355 86.488 0.08 40.5199 1.19315
3121 34 31 0.0461538 0.123903 86.488 0.08 40.2236 1.18669
3122 61 53 0.0701754 0.0934277 86.488 0.08 40.262 1.18661
3123 68 70 -0.0144928 0.0851167 86.488 0.08 40.3311 1.19106
3124 46 38 0.0952381 0.108613 86.488 0.08 40.3903 1.19499
3126 68 56 0.0967742 0.0893811 86.488 0.08 40.4075 1.19903
3127 19 19 0 0.162221 86.488 0.08 40.5064 1.20401
3134 87 82 0.0295858 0.0768894 86.488 0.08 40.631 1.22318
3135 99 71 0.164706 0.075649 86.488 0.08 40.7504 1.24179
3136 79 64 0.104895 0.0831629 86.488 0.08 40.8906 1.25879
3138 55 49 0.0576923 0.0978947 86.488 0.08 41.0168 1.26052
3139 23 19 0.0952381 0.153602 86.488 0.08 41.308 1.24041
3140 27 27 0 0.136083 86.488 0.08 41.4465 1.22815
3141 57 64 -0.0578512 0.0907568 86.488 0.08 41.4709 1.22329
3149 5 7 -0.166667 0.284638 86.488 0.08 41.2556 1.21796
3150 3 10 -0.538462 0.233709 86.488 0.08 41.2368 1.21749
3151 48 41 0.0786517 0.105671 86.488 0.08 41.1379 1.21603
3152 76 66 0.0704225 0.0837098 86.488 0.08 40.8123 1.21029
3158 10 15 -0.2 0.195959 86.488 0.08 40.9463 1.2023
3159 93 84 0.0508475 0.0750674 86.488 0.08 39.8491 1.19678
3160 72 73 -0.00689655 0.0830435 86.488 0.08 40.2084 1.1878
3161 73 80 -0.0457516 0.0807606 86.488 0.08 40.1049 1.17916
3162 67 70 -0.0218978 0.0854153 86.488 0.08 39.9966 1.17638
3163 65 67 -0.0151515 0.0870288 86.488 0.08 39.7192 1.17934
3164 67 78 -0.0758621 0.0828062 86.488 0.08 39.7598 1.18218
3165 41 48 -0.0786517 0.105671 86.488 0.08 40.0065 1.18454
3166 55 68 -0.105691 0.0896619 86.488 0.08 40.4228 1.18771
3167 72 66 0.0434783 0.0850452 86.488 0.08 40.5209 1.18912
3171 33 29 0.0645161 0.126736 86.488 0.08 40.7035 1.18948
3174 81 57 0.173913 0.0838284 86.488 0.08 40.661 1.18737
3176 81 65 0.109589 0.0822621 86.488 0.08 40.3257 1.18239
3177 75 68 0.048951 0.083524 86.488 0.08 40.2305 1.1819
3178 70 78 -0.0540541 0.0820793 86.488 0.08 40.2054 1.18591
3179 79 81 -0.0125 0.0790508 86.488 0.08 40.171 1.18655
3180 72 79 -0.0463576 0.0812914 86.488 0.08 40.1175 1.18391
3181 3 8 -0.454545 0.268563 86.488 0.08 40.0856 1.18225
3182 69 66 0.0222222 0.086045 86.488 0.08 40.1349 1.18364
3183 65 67 -0.0151515 0.0870288 86.488 0.08 40.2457 1.18688
3184 42 40 0.0243902 0.110399 86.488 0.08 40.3135 1.18986
3185 65 48 0.150442 0.0930014 86.488 0.08 40.6364 1.19552
3186 32 48 -0.2 0.109545 86.488 0.08 40.9681 1.20018
3188 54 61 -0.0608696 0.0930776 86.488 0.08 41.3753 1.21178
3190 82 66 0.108108 0.0817177 86.488 0.08 41.3373 1.21553
3191 75 50 0.2 0.0876356 86.488 0.08 41.3856 1.2203
3192 73 64 0.0656934 0.0852512 86.488 0.08 41.5532 1.22589
3193 28 31 -0.0508475 0.130021 86.488 0.08 41.6913 1.23063
3194 90 77 0.0778443 0.0771475 86.488 0.08 41.5815 1.23745
3195 90 82 0.0465116 0.0761668 86.488 0.08 41.321 1.23987
3196 88 90 -0.011236 0.0749484 86.488 0.08 41.1287 1.23086
3197 72 53 0.152 0.0884034 86.488 0.08 41.1317 1.21215
3198 81 69 0.08 0.081388 86.488 0.08 41.0117 1.1996
3199 99 60 0.245283 0.0768825 86.488 0.08 40.8463 1.19454
3200 84 87 -0.0175439 0.0764601 86.488 0.08 40.5224 1.18668
3201 104 86 0.0947368 0.0722213 86.488 0.08 40.2464 1.1776
3202 95 69 0.158537 0.0770993 86.488 0.08 40.2051 1.17421
3203 15 10 0.2 0.195959 86.488 0.08 40.333 1.17599
3204 84 77 0.0434783 0.0787365 86.488 0.08 40.6177 1.17907
3205 96 86 0.0549451 0.074013 86.488 0.08 40.5826 1.18485
3212 11 7 0.222222 0.229809 86.488 0.08 40.4312 1.19429
3213 57 44 0.128713 0.098676 86.488 0.08 40.4301 1.19816
3214 22 26 -0.0833333 0.143836 86.488 0.08 40.2792 1.19849
3215 84 71 0.083871 0.0800389 86.488 0.08 40.1303 1.18989
3217 90 81 0.0526316 0.0763659 86.488 0.08 39.8793 1.17568
3218 12 5 0.411765 0.22102 86.488 0.08 39.7653 1.16801
3219 88 83 0.0292398 0.0764392 86.488 0.08 39.8417 1.16903
3220 92 117 -0.119617 0.0686748 86.488 0.08 40.0165 1.17323
3221 36 32 0.0588235 0.121058 86.488 0.08 40.1501 1.1758
3222 140 115 0.0980392 0.0623207 86.488 0.08 40.4163 1.1805
3223 88 84 0.0232558 0.0762287 86.488 0.08 40.8647 1.18687
3224 25 24 0.0204082 0.142827 86.488 0.08 41.0293 1.1904
3225 81 87 -0.0357143 0.0771025 86.488 0.08 40.9338 1.19416
3226 90 102 -0.0625 0.0720277 86.488 0.08 40.8169 1.19234
3227 8 13 -0.238095 0.211942 86.488 0.08 40.7016 1.18882
3228 80 83 -0.0184049 0.0783128 86.488 0.08 40.5899 1.18553
3229 87 88 -0.00571429 0.0755917 86.488 0.08 40.6902 1.18824
3230 93 81 0.0689655 0.0756293 86.488 0.08 41.1618 1.2018
3231 31 31 0 0.127 86.488 0.08 41.588 1.21464
3239 19 15 0.117647 0.170308 86.488 0.08 43.9957 1.25248
3240 53 44 0.0927835 0.101097 86.488 0.08 43.5543 1.24577
3241 71 43 0.245614 0.0907896 86.488 0.08 43.063 1.23045
3242 47 58 -0.104762 0.097053 86.488 0.08 42.6479 1.21337
3243 39 33 0.0833333 0.117441 86.488 0.08 42.1314 1.19093
3244 66 50 0.137931 0.0919602 86.488 0.08 41.6862 1.17302
3245 56 50 0.0566038 0.0969729 86.488 0.08 41.4794 1.16692
3246 44 53 -0.0927835 0.101097 86.488 0.08 41.5159 1.17224
3247 72 50 0.180328 0.0890516 86.488 0.08 41.5461 1.17709
3248 37 46 -0.108434 0.109117 86.488 0.08 41.5735 1.18148
3249 6 10 -0.25 0.242061 86.488 0.08 41.649 1.18043
3250 7 6 0.0769231 0.276528 86.488 0.08 37.0023 1.06389
