#run A_phys dA_stat
5045 -0.00733619 5.28522
5046 -0.00733936 5.2875
5047 -3.76968 3.25825
5048 -0.923435 1.51554
5049 7.68279 0
5053 -0.00756775 2.22579
5054 -2.57333 2.9627
5086 -0.00751555 3.12602
5090 1.71416 1.78054
5091 0.7848 1.24689
5093 -2.39847 1.88406
5094 -0.00798526 2.87641
5095 1.03465 1.2915
5099 -0.0079508 2.56164
5100 2.19463 2.34271
5101 -0.00790583 3.28836
5102 -0.89808 2.65411
5103 -0.0077429 1.85941
5104 -2.56352 2.40982
5105 -0.00740223 3.07889
5106 -0.00730046 3.71901
5107 0.707624 1.74787
5108 0.641394 1.65147
5109 2.78003 4.55318
5110 -0.931905 1.94743
5112 1.17232 2.18573
5113 -0.00808394 1.84169
5114 -1.46006 1.96424
5115 -0.754167 1.74254
5116 -0.690078 1.66485
5121 1.00158 1.6709
5122 -0.572172 2.179
5124 -1.53821 1.76413
5126 -0.00819687 2.41082
5127 2.74912 1.59189
5129 3.72385 2.20496
5135 2.70355 4.42792
5140 2.60505 4.26659
5142 -7.81461 0
5143 1.55815 3.43058
5145 1.79819 2.1118
5146 0.980935 1.96189
5147 -0.977305 1.92417
5148 1.79605 2.1093
5152 -2.04998 1.46415
5153 -0.00777697 1.86759
5154 -0.353384 1.65578
5155 -0.00782492 5.63731
5156 -1.14908 2.98846
5164 2.66389 1.78117
5165 -2.04091 2.78371
5167 1.27544 1.84138
5176 -1.04553 2.05849
5183 -3.77379 1.78888
5185 1.8765 1.94917
5186 -0.372228 1.74408
5187 -94.254 -154.371
5188 0.278353 -141.799
5301 5.02093 2.12048
5302 1.03185 2.06372
5303 -2.03506 2.36974
5315 26.0599 -85.1538
5316 0.278353 -70.8994
5317 -121.263 -96.8468
5318 -4.72379 2.04145
5320 -0.846911 2.76738
5321 6.79228 2.12064
5322 2.95956 2.42361
5323 -0.00854427 2.51299
5324 6.84304 1.14902
5364 0.278353 -141.799
5378 -1.52045 1.91384
5379 -0.00759667 2.23429
5380 0.5114 2.00576
5385 7.77147 0
5386 -4.63505 1.95112
5387 -94.254 -89.1262
5388 0.278353 -89.6815
5406 -4.37057 1.83978
5407 -7.29392 0
5408 0.381064 1.69024
5409 -1.2629 2.14418
5411 3.76529 3.26725
5412 -4.04695 1.7533
5414 2.48298 4.06667
5416 0.819412 2.46479
5448 7.40587 0
5449 7.70349 0
5453 7.65713 0
5454 -7.75187 0
5460 7.62905 0
5461 -1.54451 3.36733
5462 0.858497 1.826
5463 -2.60021 2.44431
5464 -0.00760553 2.2369
5465 7.72557 0
5466 0.852595 2.5646
5467 3.87459 2.37735
5468 -0.00767973 1.66818
5469 2.29492 1.81479
5470 -2.95244 1.81989
5471 -1.39553 1.87743
5472 -0.00776233 1.61433
5476 0.369617 1.72748
5477 1.57425 1.73301
5478 7.87796 0
5479 -1.58827 3.46273
5480 -2.09453 1.75506
5481 2.65223 1.77337
5482 2.65791 4.35317
5483 -1.1785 1.76958
5484 -0.00845255 1.92566
5485 -1.80327 2.26983
5486 -18.6282 -73.0615
5494 -1.35689 2.30376
5495 -0.00789825 1.89671
5496 -1.61383 3.51846
5497 -7.9776 0
5499 -1.59883 3.48575
5501 -3.96518 2.42341
5502 -0.00779383 1.87163
5503 -1.21799 2.06794
5504 -0.00601482 1.76904
5505 -0.00541444 1.37912
5506 -0.00803201 1.82986
5507 2.4898 1.51479
5508 -0.00790188 1.64336
5511 0.289824 1.5459
5512 0.817555 1.47367
5513 -1.79296 1.47632
5514 -0.978807 1.92713
5515 -0.295597 1.49529
5517 -1.12066 2.91455
5518 2.11904 2.26202
5519 31.7892 -66.4307
5523 177.527 -55.3458
5524 -0.891889 1.86381
5525 0.60552 2.2049
5526 -3.08373 2.04743
5527 -0.0078194 1.6262
5529 -0.383835 1.72147
5531 -0.00765544 2.25158
5532 121.82 -96.8468
5533 -283.319 -0
5537 0.670677 2.44215
5538 2.89406 2.73661
5539 0.928128 1.97411
5541 -1.93192 2.24964
5543 0.743719 2.48323
5544 2.46727 1.76005
5545 -0.927942 2.74236
5548 0.613877 2.23533
5549 -8.05137 0
5550 -0.00792305 2.854
5571 -3.55586 3.07343
5572 1.03452 1.92881
5573 -0.671906 1.55247
5574 -0.981698 1.54432
5575 -1.33844 1.80062
5576 -52.2396 -53.6342
5577 -40.2355 -61.2514
5578 83.6895 -65.7402
5579 40.7922 -61.2514
5580 -70.621 -97.0831
5581 0.278353 -141.799
5582 -56.4411 -87.8696
5583 -7.62646 0
5584 0.684458 1.616
5586 -1.2823 2.17713
5589 7.74496 0
5592 -1.30157 2.20985
5593 2.58231 2.9906
5596 -2.60013 2.44424
5597 0.511577 2.00646
5598 1.11863 1.70291
5599 -1.15466 1.73377
5600 -0.639646 1.60546
5601 -0.00817374 2.9443
5602 0.519867 1.49095
5603 4.36222 2.1854
5604 -2.07998 2.42205
5605 -0.969199 2.86429
5606 -0.889368 1.57298
5608 -0.349255 1.70309
5609 -0.322889 1.63335
5611 0.265206 1.52215
5612 1.19501 1.40913
5613 -0.00822042 2.2384
5614 -0.403957 1.81172
5615 -8.27156 0
5616 -1.83449 1.88878
5617 2.02557 2.78456
5619 -5.37982 1.73378
5620 -2.16162 1.61993
5621 2.6117 2.13874
5623 0.673458 2.24864
5624 -1.08629 1.9977
5625 2.26647 1.34628
5626 2.6099 1.74507
5627 -2.64234 4.30227
5628 1.57885 2.00695
5629 0.371709 1.73726
5630 -0.734089 1.19936
5632 -3.07916 1.44561
5633 -1.60682 3.50318
5634 0.785997 1.76607
5654 -2.76757 4.50615
5655 8.41769 0
5659 3.79374 2.24634
5660 4.18358 3.63021
5661 -0.00828837 2.11114
5663 -0.540143 1.50119
5664 -1.44247 2.44906
5665 1.7295 1.90391
5666 -0.00859073 1.86606
5667 0.508107 2.12684
5670 -8.75004 0
5671 -3.61719 1.93696
5672 -0.38691 1.81287
5673 -2.31749 1.94189
5674 0.510305 2.13604
5675 -0.00869724 3.13288
5676 4.22703 1.62181
5678 2.94003 2.78008
5679 2.9089 2.75064
5683 -2.94916 1.96033
5685 -1.77123 2.73057
5686 -8.85203 0
5688 -0.00870246 4.43322
5690 4.51236 1.75107
5691 -2.25917 2.17887
5692 2.00767 2.08543
5693 -1.83663 1.79073
5694 -0.493898 2.11051
5696 0.696523 1.79341
5697 1.12968 2.25938
5698 -0.656987 1.71029
5699 -0.00889178 2.6152
5700 -0.00891307 4.54051
5702 1.41371 2.04099
5703 2.88784 4.72976
5704 1.98131 2.32686
5705 0.401977 1.87872
5706 -1.24017 1.86217
5707 -0.973321 1.66073
5708 -2.39786 2.54129
5709 -3.999 1.66713
5710 1.08743 2.17487
5711 -0.00859288 2.1887
5712 -5.6203 2.56153
5713 -2.40441 2.14799
5714 2.83121 1.54567
5717 1.35467 1.95575
5718 0.707561 1.74772
5721 3.40836 2.47567
5722 1.89425 1.96761
5723 2.51957 1.49662
5724 -3.30611 1.34649
5725 0.714724 1.19235
5726 1.40832 1.50334
5727 3.27241 1.79211
5728 -6.43254 2.37888
5730 0.589678 2.31278
5732 2.66826 1.90342
5733 -2.06407 1.69955
5734 1.5601 2.1223
5735 -4.43596 2.71113
5736 -8.8338 0
5737 4.38358 3.80376
5739 -1.44507 2.45347
5740 -1.12817 1.77474
5741 0.495531 2.0742
5742 -2.85493 4.6484
5743 0.603447 1.61468
5744 1.7137 1.68736
5745 0.311558 1.66183
5748 2.16345 2.103
5751 -4.35257 3.76206
5752 1.8578 1.60772
5753 -8.7079 0
5754 -0.0085502 4.35565
5755 2.89936 3.35778
5756 -0.00858858 1.4195
5761 -2.21052 1.50752
5762 2.92764 2.14436
5763 2.50201 2.25059
5764 2.29673 1.9389
5765 -2.91106 1.93501
5768 0.291171 1.61298
5770 -0.00846767 2.30572
5771 0.278353 -200.534
5773 -89.2786 -43.6513
5778 82.9944 -39.154
5779 -0.00856069 1.6483
5781 1.89506 1.78226
5783 1.74343 1.91925
5784 0.27366 1.57067
5785 1.48125 1.18766
5805 4.96517 1.84127
5809 -0.811136 1.69505
5810 3.53231 3.06508
5811 -7.047 0
5815 1.60069 1.32927
5816 3.36371 1.43773
5818 -3.43505 1.46216
5819 2.08071 1.87162
5820 -7.35555 0
5821 -2.36485 3.85046
5828 1.03572 1.14017
5829 -0.613317 1.47966
5830 -3.60731 2.20469
5831 -3.58046 3.0947
5832 1.17459 2.01787
5837 -0.00700625 1.59617
5838 -2.39498 2.75737
5839 -1.80649 1.74228
5840 1.79502 1.42468
5841 -0.872658 1.43221
5843 7.18546 0
5844 -2.40089 3.90913
5852 -7.0969 0
5854 -0.795875 2.35206
5856 0.328224 1.53402
5858 -0.00692371 2.03636
5859 2.55421 1.32748
5860 0.281537 1.44194
5861 -0.351935 1.57841
5862 -0.00712957 1.71212
5863 2.03346 1.39928
5864 -1.12699 1.41053
5865 0.646144 1.52554
5866 0.317021 1.48166
5868 -0.00640747 1.39182
5869 -0.00742961 1.8924
5870 2.99734 1.53946
5871 1.61567 1.5195
5872 4.10756 2.05284
5873 -3.17068 1.7824
5874 -1.47928 3.22511
5875 1.621 1.68378
5877 0.423868 1.25457
5879 2.92511 2.12466
5880 0.808513 1.71969
5881 -0.00719148 2.317
5882 0.244905 1.35669
5883 0.376976 1.6721
5884 0.804595 1.39731
5885 -0.964072 1.51659
5886 -4.09406 1.4417
5887 -0.619796 1.49529
5888 -2.00219 1.50045
5889 0.655265 1.54707
5890 -1.64792 1.27136
5891 1.72563 1.54244
5892 -3.24197 1.53679
5893 1.15648 1.18736
5894 1.0662 0.922682
5895 -0.505284 1.36066
5896 1.99175 2.12614
5897 7.17276 0
5898 -3.02187 1.34262
5899 2.72215 1.19271
5900 -0.0071749 5.16902
5901 -1.17702 1.28569
5902 -0.663635 2.1685
5903 1.43817 1.82812
5904 -1.62142 1.66941
5912 -2.40244 1.95583
5914 -1.90848 1.59917
5915 -0.00715878 1.48881
5917 -1.22942 2.08733
5918 -0.498017 1.89659
5919 1.11349 1.27277
5923 1.81648 2.13329
5924 -1.60791 3.50556
5925 1.12884 1.71845
5926 -0.421688 1.80194
5927 -0.00764337 2.08127
5931 1.35554 1.64666
5932 -1.20489 3.13361
5933 -70.621 -68.6479
5934 71.1777 -97.0831
5935 -18.6282 -73.0615
5936 -40.2355 -106.09
5937 -12.052 -59.0782
5938 -0.587973 2.23917
5939 8.55525 0
5941 -0.00821281 2.23632
5942 -2.72073 1.98111
5943 -3.44438 1.58095
5944 -1.82843 2.12913
5945 -1.23777 1.7649
5947 2.57312 1.72048
5948 2.82768 1.64131
5949 7.63766 0
5950 1.51406 2.35714
5951 -2.15501 1.92518
5952 -0.588342 2.08836
5965 1.3109 2.88619
5966 -2.2369 3.64213
5967 6.72284 0
5968 -6.79901 0
5971 4.09109 2.44345
5974 1.37367 3.02441
5975 0.525461 1.91337
5976 0.825738 1.37755
5980 -0.00683104 2.84131
5985 1.66969 1.25161
5986 -0.371839 1.58893
5987 1.21711 1.65571
5988 3.23671 1.5872
5989 -1.39958 3.05136
5990 0.326368 1.52535
5991 -3.15903 1.1672
5994 1.40457 1.54622
5995 -0.00691094 2.22661
5996 -3.52083 1.75697
5997 -1.75656 1.69413
5998 -0.641068 1.48122
5999 2.0817 1.48499
6001 1.64699 1.47215
6002 -6.9436 0
6003 4.15886 1.24196
6004 0.457059 1.79263
6005 -1.16896 1.40338
6006 -0.310615 1.45539
6007 -2.23149 1.81666
6008 1.39791 1.24951
6009 0.472362 1.57719
6010 -0.476276 1.04935
6012 0.470675 1.84604
6013 -0.00699871 1.59445
6014 2.17363 1.32243
6016 1.29956 1.33425
6017 2.34174 1.21284
6018 -2.60071 1.50154
6019 0.871669 1.74335
6020 1.1244 1.24325
6024 -0.418146 1.69283
6025 -1.70608 1.11395
6026 -0.31053 1.45499
6027 0.83115 1.38658
6028 -0.286112 1.39518
6029 0.233805 1.29519
6030 -2.79752 2.02204
6031 -3.88153 1.93303
6032 1.38763 3.05514
6033 -0.309847 1.45179
6034 1.5999 1.87894
6035 -0.00682878 1.73936
6036 -6.98928 0
6037 -1.1724 1.99053
6038 -1.76196 1.38751
6039 -0.00691384 1.38146
6040 1.75738 1.70828
6041 2.34459 3.84001
6042 0.776822 1.65228
6043 2.34358 1.567
6044 -3.5294 1.76124
6048 0.406609 1.70199
6050 0.77304 1.64424
6051 0.694273 1.55997
6052 -7.00731 0
6060 -1.40664 1.53337
6061 1.99848 1.79766
6062 -0.0068997 2.48538
6063 0.274427 1.40552
6064 1.39834 1.77749
6065 2.33293 1.70877
6066 1.39519 2.17208
6068 -1.40879 3.07143
6069 -0.00688085 2.02376
6070 0.234912 1.30133
6071 -0.311833 1.4611
6072 1.95735 1.3469
6073 -0.50756 1.32129
6074 0.992695 2.61747
6075 4.18177 2.49761
6077 -3.49648 1.74482
6079 -0.00686997 2.21341
6081 -0.00688375 1.65309
6082 -25.5032 -60.2129
6083 -17.4465 -50.0354
