N_plus_all      = 6285
N_minus_all     = 6202
A_acc           = 0.00664691
err_A_acc       = 0.00894873
accidental_events = 3180
QE_events       = 40218
f_acc           = 0.0790691
err_f_acc       = 0.00140215
