par0 : 0.631514
par1 : 0.174377
par2 : 0.382357
inelastic_fraction : 0.34347
err_inelastic_fraction0.00400216
