#run A_phys dA_stat
3510 5.09676 0
3511 -0.00276354 3.60557
3512 5.09521 0
3514 5.09387 0
3515 5.09236 0
3517 -1.17824 1.37461
3518 0.56295 1.68662
3519 2.69149 1.04714
3520 -1.69826 1.38437
3521 -0.729202 1.90229
3523 0.56211 1.6841
3524 0.335947 1.30886
3525 -1.69546 1.38209
3526 -3.04833 1.81603
3552 -0.0026489 1.99532
3553 -0.00273385 1.78341
3554 5.1513 0
3555 0.740318 1.37602
3556 -0.874415 1.48851
3557 2.01762 1.3449
3558 1.7555 1.17224
3559 -0.00286138 1.8666
3560 0.47567 1.58051
3561 1.0492 1.62984
3562 1.20136 1.40819
3578 2.60947 1.30615
3579 0.521562 1.16673
3580 -0.587916 1.23342
3581 -1.44514 1.53405
3582 1.7451 2.85438
3583 -5.21311 0
3588 2.58457 1.58444
3589 -1.97662 1.21982
3590 -0.414759 1.48057
3591 1.28037 1.14233
3592 -0.00291356 1.55187
3593 -0.285184 1.22871
3594 1.77932 1.18815
3595 -2.00332 1.2363
3596 -2.66557 2.30596
3671 4.8421 0
3672 3.26977 1.49365
3673 1.37468 1.46507
3694 -3.30008 1.22119
3695 -2.59762 1.29466
3696 -0.00256436 3.34569
3697 0.67248 1.76767
3698 4.71462 0
3701 -1.8935 1.37012
3702 -0.529832 0.907585
3703 -1.9378 0.991482
3704 0.323732 1.26127
3705 -0.870524 1.17403
3706 4.92677 0
3708 2.44496 2.1197
3709 1.45529 1.03662
3710 1.14578 1.02225
3711 -2.07812 1.16941
3712 -0.00267718 1.32018
3713 -0.00269529 1.17217
3714 1.85435 1.14768
3715 -0.355381 0.930787
3716 -0.262554 1.13121
3717 1.37358 0.943712
3718 -3.23184 1.47392
3719 -1.86326 1.23851
3720 4.82092 0
3721 4.80428 0
3722 2.35319 1.44259
3723 2.01265 1.60575
3729 0.369198 1.33663
3730 1.5696 2.56733
3731 -0.957608 2.09234
3732 1.46831 1.04589
3733 -0.982935 2.14768
3734 0.285006 1.18399
3737 3.09949 1.13379
3738 -1.62716 1.53161
3739 2.0901 1.17913
3740 -0.446493 1.0366
3741 -0.327669 1.25602
3742 -0.00262663 2.42321
3747 4.81188 0
3748 -0.00255575 1.2603
3749 3.02115 1.10513
3750 -0.681204 1.77707
3752 1.25747 1.05978
3753 -1.60925 1.85519
3754 1.2063 1.65538
3755 0.811155 1.38983
3756 1.44424 1.14037
3758 -0.710842 1.31125
3759 -0.384564 1.37278
3761 0.990595 2.17618
3762 0.213011 1.03348
3763 0.233826 1.08263
3764 2.47761 1.24015
3765 -0.709675 1.06888
3766 -0.990588 0.96795
3767 0.4769 1.5846
3782 4.47701 0
3784 -3.23269 1.19625
3786 -0.00243988 3.18329
3787 0.644188 1.69331
3788 0.413042 1.37241
3789 0.934775 1.45208
3790 -0.00256126 3.34164
3791 1.18166 1.62157
3792 -4.72468 0
3795 4.70343 0
3796 -5.75874 0
3810 -0.901659 1.39307
3811 0.50091 1.50075
3812 2.05641 1.21646
3813 -1.13978 1.55733
3815 4.50863 0
3822 -0.00246082 2.27024
3823 -0.906202 1.40009
3824 -0.00245872 1.3096
3825 1.1308 1.09727
3826 -1.06065 1.23743
3827 1.73415 1.07328
3828 0.582681 1.16126
3829 -0.0025521 1.48909
3830 -1.38801 1.09194
3832 -0.00255374 1.36021
3833 1.87733 1.3621
3835 -1.38706 1.09119
3836 -1.2832 1.36215
3837 2.52245 1.09592
3838 -0.93889 1.45059
3839 0.777286 1.3318
3840 1.923 1.03355
3841 2.59416 1.29546
3842 -0.361381 1.29003
3843 -2.12085 1.25159
3844 0.514276 1.54079
3846 -0.0025051 1.46166
3847 0.351361 1.27206
3848 0.414401 1.37693
3849 0.216699 1.00333
3850 -0.00251708 1.09467
3851 -0.00255144 1.17692
3852 -1.32772 0.996602
3853 -1.6853 1.37381
3854 -2.05125 1.36347
3855 -0.37261 1.42829
3856 -0.331978 1.43033
3857 -1.30931 2.86081
3858 -0.00406356 2.37099
3859 -0.901029 1.89032
3860 -0.00467835 3.05189
3861 -1.04246 3.09293
3864 0.460882 1.53137
3866 1.13154 1.32635
3868 1.30417 1.38991
3869 0.280302 1.16445
3878 1.5021 2.45692
3880 0.237235 1.0434
3881 0.912185 2.00393
3882 0.767028 1.31422
3883 -1.07476 1.25389
3884 0.932951 1.18331
3885 0.520263 1.55873
3889 -1.98021 1.43286
3890 -1.08741 1.01553
3923 1.98365 1.58262
3924 -4.61703 0
3926 0.419206 0.984926
3927 3.13204 1.01168
3928 -1.2954 1.3751
3929 -0.794227 1.352
3930 0.677032 1.77964
3931 -0.794836 1.35304
3932 1.13402 1.01176
3933 1.18999 1.15471
3934 4.76338 0
3935 -2.38707 1.19224
3936 -1.78876 1.10389
3937 0.24826 1.09188
3938 1.5868 1.83527
3939 -0.00258015 1.50545
3940 -0.684564 1.26278
3941 -0.00258831 1.01819
3942 0.528209 1.58254
3944 0.953294 1.48085
3945 -1.59637 2.60263
3946 -0.321431 1.23211
3947 -3.04743 1.11285
3948 -1.79761 1.10935
3951 -4.79173 0
3952 -0.00259601 1.12899
3954 1.60159 1.17154
3955 1.96728 1.05736
3956 -1.19578 1.63385
3957 0.790486 0.957714
3959 -1.42134 1.00878
3960 0.360244 1.30422
3961 1.17327 1.13848
3962 -0.00254546 2.34833
3963 -0.67238 1.75405
3964 0.244408 1.07494
3965 4.69228 0
3966 -0.783215 1.33326
3967 -4.65245 0
3968 -0.00248315 1.87046
3970 -0.169709 0.868522
3972 -2.12636 1.03931
3973 0.34741 1.25775
3974 1.13634 1.55938
3975 -0.762896 1.29867
3976 -2.29553 1.4042
3977 -1.05317 1.2287
3978 -0.00245614 1.85012
3980 -0.00243094 2.24267
3981 -4.47812 0
3983 1.48981 2.43681
3985 -1.22149 1.29663
3986 -0.00243285 3.17411
3996 -0.659483 1.72041
3998 -0.0025336 2.33738
4023 -0.00258287 3.36984
4024 4.76621 0
4025 4.77268 0
4027 1.5922 2.60429
4028 -1.62371 1.32361
4029 2.17284 1.28533
4030 1.59051 2.60153
4031 -2.38609 1.45959
4032 -2.36824 2.04874
4034 -1.58203 2.57926
4035 -0.948626 2.07272
4036 -1.57804 2.57275
4037 0.941468 2.06826
4038 2.35535 2.04201
4043 -1.57207 2.56301
4044 -1.88341 1.36282
4046 -0.00253888 3.31244
4048 -267.151 -0
4051 121.643 -71.7859
4052 -88.9538 -102.882
4053 24.4445 -80.2592
4054 89.2435 -72.749
4055 89.2435 -145.498
4056 89.2435 -145.498
4057 66.9689 -91.5027
4058 0.144868 -84.5266
4059 1.96989 1.57163
4060 0.508442 1.52331
4061 -0.921716 2.01392
4062 -2.29658 1.40484
4063 1.1403 1.56482
4064 -0.00245122 1.59904
4065 -0.498567 1.47922
4066 -4.45095 0
4067 -0.00239424 2.20881
4068 2.2102 1.35493
4069 0.631636 1.66031
4070 4.44017 0
4071 4.44762 0
4072 -0.00241044 1.18865
4073 -0.00240159 3.13333
4074 0.400677 1.33133
4075 1.88523 1.50409
4076 -0.636134 1.6595
4077 1.48644 1.40372
4078 1.3169 1.03983
4079 3.01784 1.37857
4080 0.505304 1.51391
4081 -4.59903 0
4082 -0.917058 2.00374
4083 1.13492 1.55743
4084 -3.18941 1.18023
4085 1.01996 1.19557
4086 1.48013 1.71189
4087 -1.49191 2.43232
4088 0.889592 1.95429
4089 -0.889217 1.94291
4091 -4.36324 0
4092 -4.34061 0
4093 -1.44143 2.35003
4094 -0.00235444 3.07181
4095 2.61481 1.56058
4096 -1.46567 2.38955
4097 -1.48106 2.41464
4098 4.44635 0
4099 -0.00241677 1.57656
4100 -2.23459 1.36692
4101 -0.00242613 1.82751
4102 -1.27936 1.14467
4103 4.45021 0
4104 1.48269 1.71485
4105 -1.78461 1.29132
4106 -1.48846 2.42671
4107 -1.4934 2.43476
4114 -0.00257214 1.50078
4115 -0.949912 2.07553
4116 -1.57971 2.57547
4117 0.784869 1.34479
4118 4.71325 0
4119 2.82173 1.19082
4120 2.60488 1.30081
4121 0.777815 1.33271
4122 -0.00253309 3.30489
4155 -0.00256076 3.341
4156 0.40844 1.35712
4159 -0.899833 1.96611
4160 -0.494986 1.4686
4164 1.48863 1.72172
4165 -1.93612 1.0895
4167 1.04747 1.22781
4168 1.06789 1.25174
4169 -1.97854 1.57455
4170 1.15077 1.57918
4171 -0.00250104 1.33214
4172 4.61391 0
4173 -1.32369 1.18434
4174 -4.62187 0
4175 1.53742 1.45186
4176 1.53753 1.45196
4178 -0.0025041 2.31017
4179 1.53773 1.45215
4180 1.73037 1.07095
4181 -0.274343 1.11888
4182 -0.662723 1.22249
4186 -0.926931 2.02532
4187 0.240777 1.05897
4188 2.78643 1.17592
4190 -0.00255994 1.92831
4192 4.81488 0
4194 -0.00250866 3.27302
4195 -0.766639 1.30504
4196 2.26619 1.13432
4197 -3.37895 1.05281
4198 0.180005 0.911658
4199 3.58624 0.966713
4200 -0.662758 1.72895
4201 0.412714 1.37133
4202 4.54284 0
4203 -0.413846 0.960807
4204 -0.908528 1.9851
4214 -1.51369 1.42481
4215 0.646099 1.69833
4216 2.26808 1.39041
4217 -0.00246157 1.8542
4218 -2.72879 1.62567
4219 -1.51762 1.74955
4220 1.5741 1.82057
4223 -0.432473 1.54381
4224 2.82757 1.41532
4230 -5.31809 0
4231 0.297009 1.23385
4233 0.438158 1.45587
4234 -2.03544 1.61983
4251 -0.273425 1.11513
4252 -1.3966 0.991225
4253 0.932657 1.18293
4254 1.07698 0.89265
4256 -0.562026 0.925761
4257 0.356004 1.28887
4258 -0.670234 1.74845
4260 -0.00251192 3.27727
4261 2.82396 1.6854
4262 -0.9435 2.06152
4263 1.33943 1.20298
4264 -0.00254119 1.91418
4265 -0.277236 1.13068
4266 3.32534 1.2324
4273 4.51481 0
4274 0.75427 1.29236
4275 -0.920759 1.16153
4284 0.923926 2.02972
4285 1.54127 1.45549
4286 0.658192 1.73012
4288 -4.60159 0
4289 2.40604 0.93608
4290 -1.80697 1.30751
4292 -0.00241717 1.82076
4293 -0.00241093 3.14552
4294 -4.44193 0
4297 2.89482 1.05892
4298 -0.91996 2.01008
4299 -0.00256625 1.93306
4300 2.13448 1.70295
4302 5.13055 0
4303 0.446407 1.48328
4304 0.977104 1.51784
4305 -4.88617 0
4307 -0.323912 1.24162
4308 1.59955 1.51053
4309 4.78969 0
4310 2.38897 2.07116
4311 0.951216 2.08967
4315 1.57568 1.82241
4316 -4.73192 0
4320 -0.708945 1.84944
4323 -0.00271961 2.50899
4324 1.66499 1.57233
4328 -0.384454 1.37239
4329 0.490469 1.09717
4330 -0.380246 1.35737
4331 4.88247 0
4332 4.87031 0
4333 -0.00263438 1.71852
4334 2.07654 1.65672
4335 -0.00262593 3.42602
4339 0.999865 2.19655
4341 0.292423 1.2148
4343 -0.00270061 1.43844
4344 0.998818 2.19425
4354 -0.389897 1.39182
4355 -0.00271244 1.17963
4356 -0.721308 1.33056
4357 -0.807411 1.15446
4359 3.57447 1.03414
4360 -0.00279884 1.38018
4361 -0.734503 1.3549
4363 -1.68043 1.22522
4364 -0.00271994 1.34127
4365 0.553813 1.65925
4367 4.98276 0
4368 -1.31642 1.1049
4370 -0.557115 1.65293
4371 1.24424 1.20735
4372 -0.493055 1.09106
4374 -1.66702 1.56913
4375 -0.558959 1.6584
4376 -2.79137 1.39122
4378 -1.26578 1.22293
4379 -1.68086 1.22553
4471 -0.00452939 4.17861
4474 7.60106 0
4475 2.52835 4.13551
4476 66.9689 -91.5027
4478 -72.7541 -77.5376
4479 -70.1963 -59.1604
4482 89.2435 -84.0032
4483 267.441 -0
4486 -178.053 -81.3356
4487 -190.781 -70.7052
4488 0.144868 -189.007
4490 0.144868 -109.123
4491 -2.79586 1.85842
4492 -3.13127 2.49191
4493 4.37528 2.61127
4494 3.65776 2.24234
4495 -0.666143 2.18716
4497 -1.21043 2.0605
4498 -1.44812 3.1641
4503 -3.60333 1.55859
4507 2.65375 1.53851
4510 2.40943 2.7867
4512 1.13885 1.63958
4514 -0.911855 1.80159
4522 -1.21737 2.07231
4523 -2.2638 1.28542
4524 0.556994 2.01652
4526 2.61496 1.35739
4540 3.5607 2.18284
4543 -0.00380428 3.50966
4547 -1.02276 1.88662
4549 1.24921 1.32947
4552 2.00686 1.51237
4554 -1.17409 1.67875
4556 -1.13712 1.42726
4557 2.09905 1.88521
4559 -3.05041 1.6352
4560 1.81777 2.49449
4562 -2.89709 2.0963
4569 2.05535 1.30529
4570 1.03803 1.57533
4571 1.67946 1.39201
4572 1.44346 2.24228
4573 3.60282 1.80337
4574 2.40795 1.96929
4575 1.44711 1.83543
4576 0.424078 1.24573
4577 0.28844 1.46084
4578 -7.7831 0
4579 0.585667 1.4993
4580 0.220885 1.29141
4581 -0.66775 1.55029
4582 -0.00395813 1.38017
4583 -2.28661 1.22659
4585 2.91878 2.11773
4586 -1.99698 2.11983
4587 3.65037 1.82717
