#run N+ N- A_raw dA_raw beamPol dBeam targetPol dTgt
2613 35 33 0.0294118 0.121215 86.488 0.08 42.0575 0.764774
2614 21 9 0.4 0.167332 86.488 0.08 42.4292 0.740951
2615 31 40 -0.126761 0.117721 86.488 0.08 42.9096 0.710007
2616 22 29 -0.137255 0.138703 86.488 0.08 43.125 0.756037
2617 26 28 -0.037037 0.135989 86.488 0.08 43.1323 0.763942
2618 50 41 0.0989011 0.104315 86.488 0.08 43.155 0.725716
2619 32 25 0.122807 0.131451 86.488 0.08 43.2568 0.753554
2620 40 36 0.0526316 0.114549 86.488 0.08 43.3002 0.7503
2621 30 28 0.0344828 0.131228 86.488 0.08 43.338 0.77567
2622 29 23 0.115385 0.137749 86.488 0.08 43.1376 0.796977
2623 30 12 0.428571 0.139414 86.488 0.08 42.9382 0.720136
2624 37 32 0.0724638 0.120069 86.488 0.08 42.8206 0.723016
2625 32 40 -0.111111 0.117121 86.488 0.08 42.7764 0.804273
2626 38 36 0.027027 0.116205 86.488 0.08 42.8016 0.745914
2627 35 38 -0.0410959 0.116942 86.488 0.08 42.8671 0.752004
2628 27 34 -0.114754 0.127191 86.488 0.08 42.9201 0.727595
2629 37 41 -0.0512821 0.113079 86.488 0.08 43.0987 0.77154
2630 5 2 0.428571 0.341494 86.488 0.08 43.2713 0.7591
2631 48 35 0.156627 0.10841 86.488 0.08 43.4173 0.696848
2632 20 12 0.25 0.171163 86.488 0.08 43.6681 0.752329
2633 38 26 0.1875 0.122783 86.488 0.08 44.2442 0.759202
2634 9 12 -0.142857 0.21598 86.488 0.08 44.9398 0.773628
2635 54 51 0.0285714 0.0975502 86.488 0.08 46.4345 0.814032
2637 45 26 0.267606 0.11435 86.488 0.08 46.1865 0.805502
2638 22 26 -0.0833333 0.143836 86.488 0.08 45.8867 0.872689
2646 29 32 -0.0491803 0.127882 86.488 0.08 45.145 0.797192
2647 29 36 -0.107692 0.123313 86.488 0.08 44.8258 0.790847
2648 25 31 -0.107143 0.132861 86.488 0.08 44.5709 0.743239
2649 8 12 -0.2 0.219089 86.488 0.08 44.3639 0.653543
2650 39 31 0.114286 0.11874 86.488 0.08 44.5784 0.783253
2651 32 35 -0.0447761 0.122047 86.488 0.08 45.2397 0.763154
2659 29 29 0 0.131306 86.488 0.08 45.2458 0.775637
2660 29 27 0.0357143 0.133545 86.488 0.08 45.0592 0.813631
2661 34 28 0.0967742 0.126404 86.488 0.08 44.9256 0.792217
2662 7 16 -0.391304 0.191888 86.488 0.08 44.6611 0.801973
2667 44 33 0.142857 0.112792 86.488 0.08 44.1123 0.691789
2668 35 35 0 0.119523 86.488 0.08 44.1865 0.742134
2669 34 29 0.0793651 0.125591 86.488 0.08 44.306 0.782755
2670 47 29 0.236842 0.111444 86.488 0.08 44.4601 0.71307
2671 40 27 0.19403 0.119848 86.488 0.08 44.4034 0.750528
2674 35 23 0.206897 0.128465 86.488 0.08 44.2342 0.743023
2676 23 42 -0.292308 0.118617 86.488 0.08 44.1509 0.782826
2677 24 28 -0.0769231 0.138264 86.488 0.08 44.3373 0.796366
2678 2 2 0 0.5 86.488 0.08 44.4301 0.852519
2679 41 24 0.261538 0.119717 86.488 0.08 44.4867 0.72203
2680 30 32 -0.0322581 0.126934 86.488 0.08 44.6521 0.791661
2681 35 27 0.129032 0.125938 86.488 0.08 44.7414 0.753795
2683 20 14 0.176471 0.168807 86.488 0.08 44.8626 0.780299
2684 24 29 -0.0943396 0.136748 86.488 0.08 44.8531 0.722476
2685 30 19 0.22449 0.139211 86.488 0.08 44.8214 0.7779
2687 26 28 -0.037037 0.135989 86.488 0.08 44.7579 0.800594
2688 35 18 0.320755 0.130103 86.488 0.08 44.7243 0.794315
2689 30 25 0.0909091 0.134282 86.488 0.08 44.6496 0.763834
2690 19 28 -0.191489 0.143166 86.488 0.08 44.557 0.729936
2691 34 36 -0.0285714 0.119474 86.488 0.08 44.5304 0.723396
2692 31 38 -0.101449 0.119765 86.488 0.08 44.4728 0.778493
2693 21 28 -0.142857 0.141392 86.488 0.08 44.4021 0.761468
2694 30 39 -0.130435 0.119357 86.488 0.08 44.5341 0.774021
2695 50 36 0.162791 0.106394 86.488 0.08 44.8098 0.734323
2696 16 24 -0.2 0.154919 86.488 0.08 45.0098 0.801654
2697 31 35 -0.0606061 0.122865 86.488 0.08 45.2297 0.74757
2698 38 28 0.151515 0.12167 86.488 0.08 45.4348 0.782398
2699 40 33 0.0958904 0.116502 86.488 0.08 45.5953 0.767468
2700 54 36 0.2 0.10328 86.488 0.08 45.8361 0.734184
2701 28 28 0 0.133631 86.488 0.08 46.0214 0.780915
2702 49 32 0.209877 0.108636 86.488 0.08 46.1687 0.792325
2703 37 34 0.0422535 0.118572 86.488 0.08 46.4041 0.757376
2704 32 32 0 0.125 86.488 0.08 46.6353 0.760158
2705 28 18 0.217391 0.143916 86.488 0.08 46.8205 0.834213
2706 44 33 0.142857 0.112792 86.488 0.08 46.9326 0.793132
2707 26 18 0.181818 0.148243 86.488 0.08 46.9454 0.735557
2709 12 26 -0.368421 0.150811 86.488 0.08 47.0322 0.794564
2710 3 8 -0.454545 0.268563 86.488 0.08 46.9449 0.891511
2711 44 41 0.0352941 0.108398 86.488 0.08 46.8371 0.784251
2712 44 31 0.173333 0.113722 86.488 0.08 46.6843 0.779024
2713 6 3 0.333333 0.31427 86.488 0.08 46.599 0.916664
2714 29 34 -0.0793651 0.125591 86.488 0.08 46.5993 0.795893
2715 32 22 0.185185 0.133729 86.488 0.08 46.6636 0.810945
2716 42 33 0.12 0.114636 86.488 0.08 46.661 0.76626
2717 40 28 0.176471 0.119365 86.488 0.08 46.7507 0.665334
2718 37 44 -0.0864198 0.110695 86.488 0.08 46.7542 0.64276
2719 39 25 0.21875 0.121973 86.488 0.08 46.7498 0.769796
2720 26 29 -0.0545455 0.134639 86.488 0.08 46.7628 0.842079
2721 38 28 0.151515 0.12167 86.488 0.08 46.7706 0.818436
2722 40 24 0.25 0.121031 86.488 0.08 46.7636 0.777094
2723 37 34 0.0422535 0.118572 86.488 0.08 46.8098 0.806078
2724 39 26 0.2 0.121529 86.488 0.08 46.8634 0.793607
2725 34 29 0.0793651 0.125591 86.488 0.08 46.9499 0.807736
2726 45 40 0.0588235 0.108277 86.488 0.08 47.1109 0.715754
2727 31 32 -0.015873 0.125972 86.488 0.08 47.524 0.813992
2728 41 19 0.366667 0.120108 86.488 0.08 47.9394 0.803913
2729 40 22 0.290323 0.12153 86.488 0.08 48.284 0.819133
2730 13 7 0.3 0.213307 86.488 0.08 48.5115 0.86135
2763 38 19 0.333333 0.124878 86.488 0.08 43.791 0.763539
2764 20 26 -0.130435 0.146182 86.488 0.08 44.7238 0.791198
2765 25 18 0.162791 0.150464 86.488 0.08 45.8878 0.823627
2766 35 21 0.25 0.129387 86.488 0.08 46.2878 0.753763
2767 45 42 0.0344828 0.107147 86.488 0.08 46.407 0.723627
2768 33 28 0.0819672 0.127606 86.488 0.08 46.5301 0.833008
2769 43 30 0.178082 0.11517 86.488 0.08 40.028 0.640969
2770 19 13 0.1875 0.173641 86.488 0.08 28.587 0.512717
2959 21 16 0.135135 0.162891 86.488 0.08 35.9625 0.907619
2964 21 18 0.0769231 0.159654 86.488 0.08 29.0736 0.675139
2966 27 28 -0.0181818 0.134818 86.488 0.08 32.5612 0.764814
2967 19 13 0.1875 0.173641 86.488 0.08 34.7487 0.838242
2968 52 33 0.223529 0.105721 86.488 0.08 36.7064 0.863992
2970 11 22 -0.333333 0.164122 86.488 0.08 38.4533 0.931254
2971 3 1 0.5 0.433013 86.488 0.08 39.0266 0.955667
2973 17 19 -0.0555556 0.166409 86.488 0.08 39.5838 0.911276
2974 35 19 0.296296 0.129972 86.488 0.08 40.0563 0.864476
2976 4 8 -0.333333 0.272166 86.488 0.08 40.0018 0.915099
2981 0 1 -1 0 86.488 0.08 39.9473 1.11874
2983 27 28 -0.0181818 0.134818 86.488 0.08 39.8645 0.902285
2984 65 56 0.0743802 0.0906573 86.488 0.08 39.7289 0.885274
2985 53 48 0.049505 0.0993817 86.488 0.08 39.6335 0.821207
2986 9 10 -0.0526316 0.229098 86.488 0.08 39.5824 0.99128
2988 6 7 -0.0769231 0.276528 86.488 0.08 39.546 0.974745
2989 52 62 -0.0877193 0.0932975 86.488 0.08 39.969 0.889439
2990 16 10 0.230769 0.190823 86.488 0.08 40.3728 0.888499
2995 59 53 0.0535714 0.0943554 86.488 0.08 40.8141 0.887229
2996 3 6 -0.333333 0.31427 86.488 0.08 39.8636 1.05475
2997 18 34 -0.307692 0.131947 86.488 0.08 22.7895 0.545971
2998 49 54 -0.0485437 0.0984168 86.488 0.08 24.5413 0.55757
2999 54 45 0.0909091 0.100088 86.488 0.08 25.4859 0.609441
3000 17 21 -0.105263 0.16132 86.488 0.08 25.7901 0.592078
3001 9 10 -0.0526316 0.229098 86.488 0.08 25.9053 0.63339
3003 18 12 0.2 0.178885 86.488 0.08 26.0293 0.612791
3004 76 55 0.160305 0.0862405 86.488 0.08 26.4906 0.624182
3005 48 41 0.0786517 0.105671 86.488 0.08 28.2803 0.634751
3006 23 26 -0.0612245 0.142589 86.488 0.08 32.4566 0.78253
3007 71 50 0.173554 0.0895295 86.488 0.08 34.362 0.780259
3008 33 17 0.32 0.133985 86.488 0.08 36.3123 0.89412
3009 27 16 0.255814 0.147424 86.488 0.08 36.8762 0.869746
3011 27 36 -0.142857 0.124696 86.488 0.08 38.2948 0.878301
3013 13 21 -0.235294 0.166684 86.488 0.08 39.0962 0.982231
3014 36 31 0.0746269 0.121829 86.488 0.08 39.4743 0.862053
3016 27 35 -0.129032 0.125938 86.488 0.08 39.6565 0.909961
3017 19 21 -0.05 0.157916 86.488 0.08 39.9598 0.869523
3018 22 31 -0.169811 0.135366 86.488 0.08 40.4709 0.873221
3019 14 22 -0.222222 0.162499 86.488 0.08 40.6368 0.898333
3020 27 36 -0.142857 0.124696 86.488 0.08 40.6422 0.865048
3021 23 27 -0.08 0.140968 86.488 0.08 40.8384 0.944401
3022 6 7 -0.0769231 0.276528 86.488 0.08 41.0731 1.11291
3024 14 18 -0.125 0.17539 86.488 0.08 41.5913 0.972284
3025 25 25 0 0.141421 86.488 0.08 41.8578 1.04957
3026 26 13 0.333333 0.15097 86.488 0.08 42.2882 1.10487
3027 67 46 0.185841 0.0924333 86.488 0.08 42.4997 0.982767
3028 65 43 0.203704 0.0942075 86.488 0.08 42.1996 0.989487
3029 20 19 0.025641 0.160076 86.488 0.08 42.1099 1.04922
3030 44 47 -0.032967 0.104772 86.488 0.08 42.0237 1.02813
3035 66 58 0.0645161 0.0896156 86.488 0.08 40.0436 0.896234
3036 46 48 -0.0212766 0.103119 86.488 0.08 40.3819 0.926238
3037 8 13 -0.238095 0.211942 86.488 0.08 40.363 0.937617
3038 71 62 0.0676692 0.0865122 86.488 0.08 40.4134 0.882454
3039 14 22 -0.222222 0.162499 86.488 0.08 38.8936 0.842857
3043 54 61 -0.0608696 0.0930776 86.488 0.08 39.8161 0.906429
3045 78 71 0.0469799 0.0818327 86.488 0.08 40.4783 0.917106
3046 29 25 0.0740741 0.135709 86.488 0.08 40.6134 0.937126
3047 13 12 0.04 0.19984 86.488 0.08 40.6745 0.796213
3048 69 50 0.159664 0.0904939 86.488 0.08 40.6886 0.968302
3049 82 56 0.188406 0.0836012 86.488 0.08 40.2901 0.900626
3050 74 59 0.112782 0.0861578 86.488 0.08 40.1536 0.873589
3051 51 69 -0.15 0.0902543 86.488 0.08 40.2077 0.91033
3052 31 33 -0.03125 0.124939 86.488 0.08 40.2265 0.933228
3054 16 12 0.142857 0.187044 86.488 0.08 40.3105 1.02442
3055 17 20 -0.0810811 0.163858 86.488 0.08 40.153 0.887945
3058 43 38 0.0617284 0.110899 86.488 0.08 39.6662 0.864107
3059 28 31 -0.0508475 0.130021 86.488 0.08 39.8223 0.884089
3061 20 22 -0.047619 0.154128 86.488 0.08 40.5851 0.95393
3062 32 25 0.122807 0.131451 86.488 0.08 41.2452 0.928364
3063 37 34 0.0422535 0.118572 86.488 0.08 41.8568 0.912113
3064 39 45 -0.0714286 0.10883 86.488 0.08 42.5483 0.968379
3065 49 37 0.139535 0.106778 86.488 0.08 43.0927 0.953901
3068 29 39 -0.147059 0.119949 86.488 0.08 43.1593 1.03837
3069 5 15 -0.5 0.193649 86.488 0.08 43.2051 1.07471
3075 31 25 0.107143 0.132861 86.488 0.08 41.4474 0.944858
3076 23 28 -0.0980392 0.139353 86.488 0.08 41.6741 0.984182
3077 61 68 -0.0542636 0.0879154 86.488 0.08 42.0891 0.929072
3079 59 64 -0.0406504 0.0900924 86.488 0.08 42.89 0.956879
3080 30 29 0.0169492 0.13017 86.488 0.08 43.2397 0.957181
3082 42 46 -0.0454545 0.10649 86.488 0.08 43.2054 0.979031
3089 63 52 0.0956522 0.0928229 86.488 0.08 43.1775 0.971191
3090 43 38 0.0617284 0.110899 86.488 0.08 42.8444 0.898616
3091 54 45 0.0909091 0.100088 86.488 0.08 42.4473 0.931016
3092 72 55 0.133858 0.0879371 86.488 0.08 41.9806 0.90133
3093 23 15 0.210526 0.158586 86.488 0.08 41.986 1.01784
3108 39 46 -0.0823529 0.108097 86.488 0.08 36.8645 0.805335
3109 44 40 0.047619 0.108985 86.488 0.08 37.596 0.841157
3110 48 31 0.21519 0.109873 86.488 0.08 38.4294 0.83608
3111 12 10 0.0909091 0.212318 86.488 0.08 38.8818 0.913796
3112 36 55 -0.208791 0.102518 86.488 0.08 39.3569 0.892293
3113 35 38 -0.0410959 0.116942 86.488 0.08 39.8249 0.90045
3114 70 30 0.4 0.0916515 86.488 0.08 40.3094 0.882034
3115 50 53 -0.0291262 0.0984911 86.488 0.08 40.7126 0.917148
3116 31 34 -0.0461538 0.123903 86.488 0.08 40.9305 1.00406
3117 42 34 0.105263 0.114071 86.488 0.08 41.0686 0.867398
3118 33 32 0.0153846 0.12402 86.488 0.08 41.0173 0.923585
3119 26 26 0 0.138675 86.488 0.08 40.7699 0.970725
3120 22 41 -0.301587 0.120122 86.488 0.08 40.5245 0.962624
3121 31 15 0.347826 0.138236 86.488 0.08 40.2208 0.892051
3122 44 36 0.1 0.111243 86.488 0.08 40.2585 0.947414
3123 46 51 -0.0515464 0.1014 86.488 0.08 40.3318 0.896857
3124 35 21 0.25 0.129387 86.488 0.08 40.391 0.859947
3126 44 42 0.0232558 0.107804 86.488 0.08 40.4073 0.8577
3127 8 20 -0.428571 0.170747 86.488 0.08 40.5073 0.910168
3134 57 56 0.00884956 0.0940684 86.488 0.08 40.6306 0.941983
3135 59 46 0.12381 0.0968391 86.488 0.08 40.751 0.946517
3136 55 52 0.0280374 0.0966356 86.488 0.08 40.8899 0.965767
3138 29 27 0.0357143 0.133545 86.488 0.08 41.0278 0.996563
3139 18 13 0.16129 0.177254 86.488 0.08 41.3097 0.918371
3140 21 14 0.2 0.165616 86.488 0.08 41.4465 0.951186
3141 33 48 -0.185185 0.109189 86.488 0.08 41.469 0.891257
3149 4 3 0.142857 0.374088 86.488 0.08 41.2557 1.02937
3150 2 4 -0.333333 0.3849 86.488 0.08 41.2369 0.994073
3151 40 20 0.333333 0.121716 86.488 0.08 41.133 0.941866
3152 52 43 0.0947368 0.102136 86.488 0.08 40.8256 0.895419
3158 3 12 -0.6 0.206559 86.488 0.08 40.9433 0.931404
3159 63 63 0 0.0890871 86.488 0.08 39.864 0.917168
3160 50 38 0.136364 0.105605 86.488 0.08 40.2097 0.886611
3161 59 53 0.0535714 0.0943554 86.488 0.08 40.1072 0.877381
3162 38 48 -0.116279 0.107101 86.488 0.08 39.9974 0.905933
3163 53 53 0 0.0971286 86.488 0.08 39.7102 0.810041
3164 51 55 -0.0377358 0.0970594 86.488 0.08 39.7632 0.859288
3165 28 28 0 0.133631 86.488 0.08 40.0091 0.867025
3166 41 56 -0.154639 0.100313 86.488 0.08 40.4295 0.869639
3167 43 36 0.0886076 0.112066 86.488 0.08 40.5208 0.936506
3171 18 18 0 0.166667 86.488 0.08 40.7025 0.841088
3174 40 42 -0.0243902 0.110399 86.488 0.08 40.6497 0.936252
3176 51 40 0.120879 0.10406 86.488 0.08 40.3095 0.943859
3177 46 43 0.0337079 0.10594 86.488 0.08 40.2301 0.92067
3178 50 51 -0.00990099 0.0994988 86.488 0.08 40.2066 0.808917
3179 52 40 0.130435 0.103367 86.488 0.08 40.1691 0.933938
3180 47 40 0.0804598 0.106864 86.488 0.08 40.1153 0.906497
3181 3 5 -0.25 0.342327 86.488 0.08 40.0856 1.02384
3182 47 36 0.13253 0.108796 86.488 0.08 40.1344 0.871575
3183 37 39 -0.0263158 0.114668 86.488 0.08 40.2471 0.871718
3184 43 29 0.194444 0.115602 86.488 0.08 40.3141 0.875767
3185 36 34 0.0285714 0.119474 86.488 0.08 40.6268 0.926004
3186 22 27 -0.102041 0.142111 86.488 0.08 40.9676 0.890972
3188 36 34 0.0285714 0.119474 86.488 0.08 41.3763 0.960667
3190 49 49 0 0.101015 86.488 0.08 41.3364 0.868279
3191 50 36 0.162791 0.106394 86.488 0.08 41.3867 0.948984
3192 44 38 0.0731707 0.110136 86.488 0.08 41.5507 0.947672
3193 24 22 0.0434783 0.147303 86.488 0.08 41.6929 0.888843
3194 60 43 0.165049 0.0971816 86.488 0.08 41.5821 0.952308
3195 62 65 -0.023622 0.0887109 86.488 0.08 41.3155 0.887032
3196 54 45 0.0909091 0.100088 86.488 0.08 41.129 0.950606
3197 47 32 0.189873 0.110462 86.488 0.08 41.1318 0.934688
3198 50 50 0 0.1 86.488 0.08 41.007 0.905655
3199 62 50 0.107143 0.0939472 86.488 0.08 40.8473 0.917119
3200 57 58 -0.00869565 0.093247 86.488 0.08 40.5239 0.849916
3201 57 56 0.00884956 0.0940684 86.488 0.08 40.2537 0.893253
3202 62 34 0.291667 0.0976244 86.488 0.08 40.2038 0.872378
3203 14 7 0.333333 0.205738 86.488 0.08 40.3348 0.769864
3204 57 48 0.0857143 0.0972309 86.488 0.08 40.6303 0.891377
3205 60 53 0.0619469 0.0938914 86.488 0.08 40.579 0.863298
3212 9 4 0.384615 0.256015 86.488 0.08 40.4305 0.936941
3213 40 28 0.176471 0.119365 86.488 0.08 40.4291 0.907369
3214 15 17 -0.0625 0.176431 86.488 0.08 40.2821 0.923706
3215 65 48 0.150442 0.0930014 86.488 0.08 40.1327 0.822694
3217 57 63 -0.05 0.0911729 86.488 0.08 39.8755 0.871814
3218 10 6 0.25 0.242061 86.488 0.08 39.765 0.875996
3219 72 55 0.133858 0.0879371 86.488 0.08 39.8435 0.829947
3220 58 79 -0.153285 0.0844261 86.488 0.08 40.0149 0.850525
3221 20 22 -0.047619 0.154128 86.488 0.08 40.1535 0.831439
3222 102 70 0.186047 0.074918 86.488 0.08 40.4211 0.881981
3223 63 53 0.0862069 0.092502 86.488 0.08 40.8386 0.888485
3224 17 12 0.172414 0.182914 86.488 0.08 41.0289 0.937836
3225 60 58 0.0169492 0.0920442 86.488 0.08 40.9336 0.926273
3226 62 67 -0.0387597 0.0879789 86.488 0.08 40.8211 0.896973
3227 5 8 -0.230769 0.269864 86.488 0.08 40.7 0.932548
3228 52 53 -0.00952381 0.0975856 86.488 0.08 40.5828 0.925478
3229 61 58 0.0252101 0.0916407 86.488 0.08 40.6952 0.877956
3230 56 46 0.0980392 0.0985378 86.488 0.08 41.1677 0.944805
3231 25 24 0.0204082 0.142827 86.488 0.08 41.5913 0.795267
3239 11 7 0.222222 0.229809 86.488 0.08 44.0231 1.10484
3240 31 37 -0.0882353 0.120795 86.488 0.08 43.5585 0.880763
3241 44 29 0.205479 0.114544 86.488 0.08 43.0701 0.887566
3242 32 37 -0.0724638 0.120069 86.488 0.08 42.6518 0.86426
3243 22 21 0.0232558 0.152457 86.488 0.08 42.1316 0.909084
3244 37 23 0.233333 0.125536 86.488 0.08 41.6867 0.870047
3245 41 33 0.108108 0.115566 86.488 0.08 41.4786 0.899899
3246 24 27 -0.0588235 0.139786 86.488 0.08 41.5148 0.928537
3247 50 30 0.25 0.108253 86.488 0.08 41.5457 0.892527
3248 25 24 0.0204082 0.142827 86.488 0.08 41.5724 0.998356
3249 6 7 -0.0769231 0.276528 86.488 0.08 41.6499 0.925974
3250 7 5 0.166667 0.284638 86.488 0.08 37.0022 0.75228
