#run N+ N- A_raw dA_raw beamPol dBeam targetPol dTgt
5044 1 0 1 0 80.795 0.097 37.9631 2.97096
5045 1 1 0 0.707107 80.795 0.097 37.9424 2.94468
5046 1 1 0 0.707107 80.795 0.097 37.926 2.95895
5047 2 5 -0.428571 0.341494 80.795 0.097 37.6466 3.14807
5048 13 17 -0.133333 0.180944 80.795 0.097 37.1633 3.47811
5049 2 2 0 0.5 80.795 0.097 36.886 3.67841
5053 5 7 -0.166667 0.284638 80.795 0.097 36.7822 3.96099
5054 3 4 -0.142857 0.374088 80.795 0.097 36.8471 4.04905
5086 2 3 -0.2 0.438178 80.795 0.097 37.0365 4.36562
5090 8 9 -0.0588235 0.242116 80.795 0.097 36.6251 3.80345
5091 25 19 0.136364 0.149347 80.795 0.097 35.8055 3.10519
5093 6 16 -0.454545 0.189903 80.795 0.097 34.8943 2.72762
5094 5 4 0.111111 0.331269 80.795 0.097 34.8566 2.72424
5095 21 19 0.05 0.157916 80.795 0.097 34.8723 2.7792
5099 3 8 -0.454545 0.268563 80.795 0.097 35.0155 3.1638
5100 8 5 0.230769 0.269864 80.795 0.097 35.1186 3.59193
5101 4 3 0.142857 0.374088 80.795 0.097 35.2084 3.94817
5102 5 4 0.111111 0.331269 80.795 0.097 35.4265 4.32514
5103 11 9 0.1 0.222486 80.795 0.097 35.9379 7.17083
5104 4 6 -0.2 0.309839 80.795 0.097 36.903 11.4883
5105 3 5 -0.25 0.342327 80.795 0.097 37.5962 14.4981
5106 4 3 0.142857 0.374088 80.795 0.097 38.0709 16.5351
5107 16 15 0.0322581 0.179512 80.795 0.097 32.9658 3.37377
5108 20 14 0.176471 0.168807 80.795 0.097 33.612 2.85097
5109 2 1 0.333333 0.544331 80.795 0.097 33.904 2.61121
5110 11 8 0.157895 0.226538 80.795 0.097 34.1067 2.5739
5112 7 7 0 0.267261 80.795 0.097 34.3143 2.60215
5113 10 10 0 0.223607 80.795 0.097 34.4338 2.67019
5114 9 9 0 0.235702 80.795 0.097 34.4676 2.73999
5115 10 13 -0.130435 0.206733 80.795 0.097 34.5519 2.79414
5116 14 17 -0.0967742 0.178762 80.795 0.097 34.6501 2.82778
5121 17 13 0.133333 0.180944 80.795 0.097 33.7356 2.75532
5122 7 9 -0.125 0.248039 80.795 0.097 33.5241 2.69186
5124 9 12 -0.142857 0.21598 80.795 0.097 33.7084 2.65636
5126 7 8 -0.0666667 0.257624 80.795 0.097 33.9513 2.61221
5127 19 9 0.357143 0.176519 80.795 0.097 34.3113 3.5573
5129 9 4 0.384615 0.256015 80.795 0.097 34.5427 4.41466
5135 6 2 0.5 0.306186 80.795 0.097 34.8793 5.51993
5140 3 1 0.5 0.433013 80.795 0.097 36.1743 2.95854
5142 0 2 -1 0 80.795 0.097 36.3263 2.99396
5143 4 2 0.333333 0.3849 80.795 0.097 36.2372 3.01669
5145 10 5 0.333333 0.243432 80.795 0.097 36.2408 2.91101
5146 7 8 -0.0666667 0.257624 80.795 0.097 35.8638 2.78384
5147 6 12 -0.333333 0.222222 80.795 0.097 36.572 2.80235
5148 7 9 -0.125 0.248039 80.795 0.097 36.2729 2.77891
5152 12 17 -0.172414 0.182914 80.795 0.097 36.005 2.97918
5153 13 12 0.04 0.19984 80.795 0.097 35.7945 3.3984
5154 14 14 0 0.188982 80.795 0.097 35.68 3.5218
5155 0 2 -1 0 80.795 0.097 35.5764 3.46409
5156 2 6 -0.5 0.306186 80.795 0.097 35.4955 3.40383
5164 12 9 0.142857 0.21598 80.795 0.097 35.3708 2.73612
5165 5 7 -0.166667 0.284638 80.795 0.097 34.8511 2.71424
5167 12 10 0.0909091 0.212318 80.795 0.097 34.8822 3.88119
5176 13 12 0.04 0.19984 80.795 0.097 34.1881 7.84294
5183 9 14 -0.217391 0.203528 80.795 0.097 33.4935 4.15006
5185 13 11 0.0833333 0.203414 80.795 0.097 33.4336 2.70516
5186 14 12 0.0769231 0.195535 80.795 0.097 33.8951 2.91516
5187 2 0 1 0 80.795 0.097 -1 -1
5188 2 3 -0.2 0.438178 80.795 0.097 -1 -1
5301 9 1 0.8 0.189737 80.795 0.097 33.8657 2.42127
5302 8 7 0.0666667 0.257624 80.795 0.097 34.0876 2.45033
5303 8 9 -0.0588235 0.242116 80.795 0.097 32.2471 2.32742
5315 13 6 0.368421 0.213278 80.795 0.097 -1 -1
5316 8 11 -0.157895 0.226538 80.795 0.097 -1 -1
5317 7 2 0.555556 0.27716 80.795 0.097 -1 -1
5318 5 14 -0.473684 0.202045 80.795 0.097 30.088 2.16
5320 9 7 0.125 0.248039 80.795 0.097 30.7578 2.20254
5321 7 1 0.75 0.233854 80.795 0.097 31.2677 2.23725
5322 6 8 -0.142857 0.26452 80.795 0.097 31.811 2.27769
5323 8 7 0.0666667 0.257624 80.795 0.097 32.5668 2.33738
5324 15 2 0.764706 0.156285 80.795 0.097 33.0956 2.3809
5364 3 1 0.5 0.433013 80.795 0.097 -1 -1
5378 6 10 -0.25 0.242061 80.795 0.097 37.501 2.68185
5379 8 8 0 0.25 80.795 0.097 36.7411 2.64692
5380 8 5 0.230769 0.269864 80.795 0.097 36.4269 2.61671
5385 2 0 1 0 80.795 0.097 36.4563 2.60752
5386 3 10 -0.538462 0.233709 80.795 0.097 36.75 2.59953
5387 5 4 0.111111 0.331269 80.795 0.097 -1 -1
5388 5 5 0 0.316228 80.795 0.097 -1 -1
5406 3 11 -0.571429 0.219328 80.795 0.097 39.006 2.76606
5407 0 2 -1 0 80.795 0.097 38.8903 2.73993
5408 14 9 0.217391 0.203528 80.795 0.097 38.4341 2.70268
5409 4 9 -0.384615 0.256015 80.795 0.097 37.6272 2.64903
5411 3 3 0 0.408248 80.795 0.097 37.5823 2.63191
5412 5 10 -0.333333 0.243432 80.795 0.097 37.7974 2.65237
5414 2 2 0 0.5 80.795 0.097 37.9706 2.66807
5416 10 5 0.333333 0.243432 80.795 0.097 38.1146 2.68557
5449 1 0 1 0 80.795 0.097 36.778 2.68774
5453 1 0 1 0 80.795 0.097 37.0007 2.64446
5460 1 0 1 0 80.795 0.097 37.1568 2.656
5461 4 1 0.6 0.357771 80.795 0.097 36.9125 2.63768
5462 9 11 -0.1 0.222486 80.795 0.097 36.3828 2.6143
5463 4 6 -0.2 0.309839 80.795 0.097 36.4741 2.60264
5464 6 8 -0.142857 0.26452 80.795 0.097 36.5967 2.60681
5465 3 1 0.5 0.433013 80.795 0.097 36.6689 2.60922
5466 7 4 0.272727 0.290081 80.795 0.097 36.6427 2.60535
5467 7 3 0.4 0.289828 80.795 0.097 36.5276 2.59424
5468 12 6 0.333333 0.222222 80.795 0.097 36.2324 2.57929
5469 11 4 0.466667 0.22836 80.795 0.097 36.2182 2.57812
5470 5 13 -0.444444 0.211144 80.795 0.097 36.1156 2.59087
5471 10 11 -0.047619 0.21797 80.795 0.097 36.0568 2.58785
5472 14 10 0.166667 0.201269 80.795 0.097 35.8573 2.56679
5476 13 9 0.181818 0.209647 80.795 0.097 35.7779 2.54836
5477 15 9 0.25 0.197642 80.795 0.097 35.8553 2.55294
5478 5 4 0.111111 0.331269 80.795 0.097 35.9493 2.55578
5479 2 4 -0.333333 0.3849 80.795 0.097 35.8959 2.55557
5480 9 11 -0.1 0.222486 80.795 0.097 35.7605 2.54755
5481 12 6 0.333333 0.222222 80.795 0.097 35.5456 2.53488
5482 3 2 0.2 0.438178 80.795 0.097 35.4604 2.52769
5483 10 12 -0.0909091 0.212318 80.795 0.097 34.6332 2.4716
5484 13 12 0.04 0.19984 80.795 0.097 32.9413 2.35385
5485 8 12 -0.2 0.219089 80.795 0.097 31.6065 2.26014
5486 9 7 0.125 0.248039 80.795 0.097 -1 -1
5494 8 8 0 0.25 80.795 0.097 35.0272 2.51226
5495 5 7 -0.166667 0.284638 80.795 0.097 35.237 2.5482
5496 2 4 -0.333333 0.3849 80.795 0.097 35.3107 2.58837
5497 0 6 -1 0 80.795 0.097 35.5844 2.60128
5499 4 3 0.142857 0.374088 80.795 0.097 35.6472 2.59814
5501 1 6 -0.714286 0.26452 80.795 0.097 35.8409 2.58893
5502 11 7 0.222222 0.229809 80.795 0.097 35.7165 2.57947
5503 5 9 -0.285714 0.25612 80.795 0.097 38.6892 2.92473
5504 9 8 0.0588235 0.242116 80.795 0.097 45.9943 3.80693
5505 12 9 0.142857 0.21598 80.795 0.097 51.5998 4.61149
5506 10 14 -0.166667 0.201269 80.795 0.097 34.6411 2.46796
5507 15 14 0.0344828 0.185585 80.795 0.097 34.9477 2.48906
5508 12 16 -0.142857 0.187044 80.795 0.097 35.2261 2.51534
5511 11 12 -0.0434783 0.208317 80.795 0.097 35.2813 2.53019
5512 13 13 0 0.196116 80.795 0.097 35.638 2.54666
5513 12 15 -0.111111 0.191258 80.795 0.097 36.6493 2.58554
5514 5 13 -0.444444 0.211144 80.795 0.097 36.4995 2.58327
5515 15 16 -0.0322581 0.179512 80.795 0.097 36.4724 2.57849
5517 3 5 -0.25 0.342327 80.795 0.097 36.4017 2.57147
5518 10 3 0.538462 0.233709 80.795 0.097 36.3691 2.56416
5519 11 12 -0.0434783 0.208317 80.795 0.097 -1 -1
5523 6 13 -0.368421 0.213278 80.795 0.097 -1 -1
5524 11 10 0.047619 0.21797 80.795 0.097 35.6417 2.52394
5525 14 7 0.333333 0.205738 80.795 0.097 35.5566 2.51683
5526 5 12 -0.411765 0.22102 80.795 0.097 35.4683 2.5104
5527 13 14 -0.037037 0.192318 80.795 0.097 35.6101 2.51889
5529 11 12 -0.0434783 0.208317 80.795 0.097 35.9203 2.54101
5531 9 4 0.384615 0.256015 80.795 0.097 36.3573 2.5645
5532 4 4 0 0.353553 80.795 0.097 -1 -1
5533 3 0 1 0 80.795 0.097 -1 -1
5537 8 8 0 0.25 80.795 0.097 32.1105 2.28298
5538 8 3 0.454545 0.268563 80.795 0.097 32.573 2.32674
5539 6 10 -0.25 0.242061 80.795 0.097 33.6475 2.40302
5541 9 9 0 0.235702 80.795 0.097 34.0242 2.43058
5543 6 12 -0.333333 0.222222 80.795 0.097 34.305 2.45697
5544 13 8 0.238095 0.211942 80.795 0.097 34.3767 2.45748
5545 7 5 0.166667 0.284638 80.795 0.097 34.2594 2.44394
5548 6 8 -0.142857 0.26452 80.795 0.097 35.0716 2.50946
5549 0 2 -1 0 80.795 0.097 35.2581 2.52602
5550 8 6 0.142857 0.26452 80.795 0.097 35.1641 2.54799
5571 2 4 -0.333333 0.3849 80.795 0.097 40.025 2.83079
5572 8 9 -0.0588235 0.242116 80.795 0.097 38.7719 2.7877
5573 13 12 0.04 0.19984 80.795 0.097 38.7693 2.74444
5574 11 14 -0.12 0.198555 80.795 0.097 37.9416 2.68577
5575 9 12 -0.142857 0.21598 80.795 0.097 37.598 2.65586
5576 21 14 0.2 0.165616 80.795 0.097 -1 -1
5577 11 12 -0.0434783 0.208317 80.795 0.097 -1 -1
5578 8 16 -0.333333 0.19245 80.795 0.097 -1 -1
5579 14 9 0.217391 0.203528 80.795 0.097 -1 -1
5580 5 3 0.25 0.342327 80.795 0.097 -1 -1
5581 4 1 0.6 0.357771 80.795 0.097 -1 -1
5582 6 5 0.0909091 0.300263 80.795 0.097 -1 -1
5583 2 5 -0.428571 0.341494 80.795 0.097 37.2078 2.66716
5584 9 10 -0.0526316 0.229098 80.795 0.097 37.2489 2.65932
5586 5 9 -0.285714 0.25612 80.795 0.097 37.0497 2.63018
5589 2 1 0.333333 0.544331 80.795 0.097 36.5831 2.61248
5592 7 4 0.272727 0.290081 80.795 0.097 36.5282 2.61233
5593 3 3 0 0.408248 80.795 0.097 36.5029 2.61225
5596 3 7 -0.4 0.289828 80.795 0.097 36.4629 2.61213
5597 14 8 0.272727 0.205119 80.795 0.097 36.4121 2.612
5598 12 8 0.2 0.219089 80.795 0.097 35.9853 2.58002
5599 10 16 -0.230769 0.190823 80.795 0.097 35.3326 2.52899
5600 13 11 0.0833333 0.203414 80.795 0.097 34.5206 2.46873
5601 1 6 -0.714286 0.26452 80.795 0.097 34.0289 2.42962
5602 18 16 0.0588235 0.171202 80.795 0.097 33.5504 2.3932
5603 11 4 0.466667 0.22836 80.795 0.097 32.518 2.31982
5604 6 8 -0.142857 0.26452 80.795 0.097 31.549 2.24926
5605 6 8 -0.142857 0.26452 80.795 0.097 32.8258 2.39644
5606 14 14 0 0.188982 80.795 0.097 33.2995 2.41607
5608 12 17 -0.172414 0.182914 80.795 0.097 33.2743 2.38885
5609 14 15 -0.0344828 0.185585 80.795 0.097 33.3842 2.38098
5611 18 13 0.16129 0.177254 80.795 0.097 33.4457 2.38937
5612 20 15 0.142857 0.167297 80.795 0.097 33.6681 2.40345
5613 10 9 0.0526316 0.229098 80.795 0.097 33.8552 2.41589
5614 15 12 0.111111 0.191258 80.795 0.097 34.1241 2.43321
5615 0 3 -1 0 80.795 0.097 34.3195 2.44824
5616 12 12 0 0.204124 80.795 0.097 34.5248 2.46143
5617 5 2 0.428571 0.341494 80.795 0.097 34.8758 2.48551
5619 3 13 -0.625 0.195156 80.795 0.097 35.1905 2.51132
5620 13 15 -0.0714286 0.1885 80.795 0.097 35.8954 2.55791
5621 11 8 0.157895 0.226538 80.795 0.097 36.0753 2.57309
5622 1 0 1 0 80.795 0.097 36.3554 2.59037
5623 7 6 0.0769231 0.276528 80.795 0.097 37.8951 2.6944
5624 6 6 0 0.288675 80.795 0.097 37.5641 2.67164
5625 17 16 0.030303 0.173998 80.795 0.097 36.1548 2.61964
5626 12 7 0.263158 0.221329 80.795 0.097 36.1557 2.57721
5627 0 2 -1 0 80.795 0.097 35.8829 2.55598
5628 5 5 0 0.316228 80.795 0.097 35.7318 2.54426
5629 12 11 0.0434783 0.208317 80.795 0.097 35.5834 2.53282
5630 22 22 0 0.150756 80.795 0.097 35.4986 2.52784
5632 8 17 -0.36 0.18659 80.795 0.097 35.5049 2.52196
5633 2 3 -0.2 0.438178 80.795 0.097 35.4479 2.52565
5634 12 9 0.142857 0.21598 80.795 0.097 35.7201 2.5455
5654 2 4 -0.333333 0.3849 80.795 0.097 34.2724 1.45625
5655 5 0 1 0 80.795 0.097 33.6577 1.42267
5659 6 4 0.2 0.309839 80.795 0.097 33.9147 1.42205
5660 3 1 0.5 0.433013 80.795 0.097 33.8241 1.41895
5661 8 8 0 0.25 80.795 0.097 33.563 1.4124
5663 17 16 0.030303 0.173998 80.795 0.097 33.3205 1.39876
5664 9 6 0.2 0.252982 80.795 0.097 32.9332 1.38111
5665 16 10 0.230769 0.190823 80.795 0.097 32.6328 1.36679
5666 15 10 0.2 0.195959 80.795 0.097 32.4016 1.35556
5667 10 9 0.0526316 0.229098 80.795 0.097 32.3048 1.3534
5670 1 3 -0.5 0.433013 80.795 0.097 32.4361 1.35726
5671 5 13 -0.444444 0.211144 80.795 0.097 32.3796 1.37562
5672 12 13 -0.04 0.19984 80.795 0.097 32.5813 1.3865
5673 8 10 -0.111111 0.234243 80.795 0.097 32.3466 1.3949
5674 11 11 0 0.213201 80.795 0.097 32.1512 1.40406
5675 4 3 0.142857 0.374088 80.795 0.097 32.0048 1.40542
5676 16 3 0.684211 0.167309 80.795 0.097 32.0206 1.39754
5678 4 3 0.142857 0.374088 80.795 0.097 32.0589 1.37963
5679 4 5 -0.111111 0.331269 80.795 0.097 32.4227 1.35796
5683 2 11 -0.692308 0.200137 80.795 0.097 32.1481 1.35439
5685 5 6 -0.0909091 0.300263 80.795 0.097 32.1797 1.35784
5686 2 1 0.333333 0.544331 80.795 0.097 32.0731 1.35678
5688 2 2 0 0.5 80.795 0.097 31.9817 1.35322
5690 15 7 0.363636 0.198605 80.795 0.097 31.3937 1.34388
5691 10 10 0 0.223607 80.795 0.097 31.5243 1.33345
5692 9 10 -0.0526316 0.229098 80.795 0.097 31.2478 1.31869
5693 13 15 -0.0714286 0.1885 80.795 0.097 31.0298 1.30697
5694 9 9 0 0.235702 80.795 0.097 30.7853 1.29677
5696 17 12 0.172414 0.182914 80.795 0.097 30.9293 1.29717
5697 14 6 0.4 0.204939 80.795 0.097 31.135 1.30298
5698 12 11 0.0434783 0.208317 80.795 0.097 31.2568 1.30964
5699 4 5 -0.111111 0.331269 80.795 0.097 31.3059 1.30993
5700 2 2 0 0.5 80.795 0.097 31.2297 1.31342
5702 10 12 -0.0909091 0.212318 80.795 0.097 31.5018 1.33532
5703 2 3 -0.2 0.438178 80.795 0.097 32.6209 1.37306
5704 8 4 0.333333 0.272166 80.795 0.097 32.8738 1.39463
5705 10 11 -0.047619 0.21797 80.795 0.097 32.8979 1.39169
5706 11 9 0.1 0.222486 80.795 0.097 32.8975 1.37999
5707 13 19 -0.1875 0.173641 80.795 0.097 32.6476 1.37609
5708 5 7 -0.166667 0.284638 80.795 0.097 32.3992 1.37248
5709 10 17 -0.259259 0.18587 80.795 0.097 32.3049 1.36845
5710 12 8 0.2 0.219089 80.795 0.097 32.3422 1.36416
5711 8 8 0 0.25 80.795 0.097 32.3943 1.35876
5712 0 5 -1 0 80.795 0.097 33.6903 1.40851
5713 8 7 0.0666667 0.257624 80.795 0.097 33.8223 1.40641
5714 17 15 0.0625 0.176431 80.795 0.097 33.2611 1.38758
5715 1 0 1 0 80.795 0.097 32.8768 1.37536
5717 13 14 -0.037037 0.192318 80.795 0.097 32.8448 1.37607
5718 11 13 -0.0833333 0.203414 80.795 0.097 33.0108 1.38473
5721 12 3 0.6 0.206559 80.795 0.097 33.199 1.39397
5722 12 7 0.263158 0.221329 80.795 0.097 33.1222 1.3936
5723 19 12 0.225806 0.174966 80.795 0.097 32.6223 1.38073
5724 5 21 -0.615385 0.154584 80.795 0.097 37.8258 2.347
5725 15 12 0.111111 0.191258 80.795 0.097 47.0129 3.87694
5726 7 4 0.272727 0.290081 80.795 0.097 54.7223 5.1298
5727 18 9 0.333333 0.181444 80.795 0.097 31.4238 1.3249
5728 2 7 -0.555556 0.27716 80.795 0.097 31.5341 1.33176
5730 9 11 -0.1 0.222486 80.795 0.097 31.5906 1.34004
5732 11 10 0.047619 0.21797 80.795 0.097 31.7816 1.34218
5733 18 16 0.0588235 0.171202 80.795 0.097 31.8441 1.33978
5734 11 7 0.222222 0.229809 80.795 0.097 31.8983 1.33768
5735 5 6 -0.0909091 0.300263 80.795 0.097 32.0387 1.33532
5736 1 6 -0.714286 0.26452 80.795 0.097 32.1341 1.34139
5737 3 2 0.2 0.438178 80.795 0.097 32.2918 1.34875
5739 5 7 -0.166667 0.284638 80.795 0.097 32.8934 1.38071
5740 15 12 0.111111 0.191258 80.795 0.097 33.0254 1.39451
5741 10 13 -0.130435 0.206733 80.795 0.097 33.1037 1.40817
5742 2 5 -0.428571 0.341494 80.795 0.097 33.2109 1.41463
5743 19 10 0.310345 0.176526 80.795 0.097 33.1133 1.40717
5744 12 12 0 0.204124 80.795 0.097 32.9194 1.39609
5745 17 15 0.0625 0.176431 80.795 0.097 32.8184 1.38413
5748 9 10 -0.0526316 0.229098 80.795 0.097 32.6579 1.37438
5751 3 2 0.2 0.438178 80.795 0.097 32.6419 1.37038
5752 21 12 0.272727 0.167479 80.795 0.097 32.5572 1.36793
5753 1 4 -0.6 0.357771 80.795 0.097 32.5995 1.36664
5754 2 2 0 0.5 80.795 0.097 32.5551 1.36668
5755 4 2 0.333333 0.3849 80.795 0.097 32.5076 1.36671
5756 19 22 -0.0731707 0.155755 80.795 0.097 32.4072 1.36685
5757 0 1 -1 0 80.795 0.097 32.1656 1.36658
5761 11 21 -0.3125 0.167923 80.795 0.097 32.2002 1.36046
5762 12 7 0.263158 0.221329 80.795 0.097 32.1921 1.35551
5763 15 5 0.5 0.193649 80.795 0.097 32.2757 1.35641
5764 18 3 0.714286 0.152721 80.795 0.097 32.3717 1.36434
5765 8 15 -0.304348 0.198623 80.795 0.097 32.5635 1.37234
5768 13 14 -0.037037 0.192318 80.795 0.097 32.621 1.38108
5770 10 7 0.176471 0.238729 80.795 0.097 32.8853 1.39333
5771 1 0 1 0 80.795 0.097 -1 -1
5773 30 14 0.363636 0.140435 80.795 0.097 -1 -1
5778 22 26 -0.0833333 0.143836 80.795 0.097 -1 -1
5779 11 16 -0.185185 0.189121 80.795 0.097 32.5142 1.36992
5781 18 15 0.0909091 0.173357 80.795 0.097 32.3857 1.36313
5783 11 5 0.375 0.231756 80.795 0.097 32.3702 1.37121
5784 11 16 -0.185185 0.189121 80.795 0.097 32.4126 1.38802
5785 30 21 0.176471 0.13783 80.795 0.097 32.3179 1.37584
5805 8 1 0.777778 0.209513 80.795 0.097 40.732 1.69997
5806 1 1 0 0.707107 80.795 0.097 40.5288 1.69403
5809 11 13 -0.0833333 0.203414 80.795 0.097 39.3366 1.68302
5810 3 3 0 0.408248 80.795 0.097 40.062 1.68134
5811 0 1 -1 0 80.795 0.097 40.2832 1.6874
5815 13 12 0.04 0.19984 80.795 0.097 40.7065 1.699
5816 12 9 0.142857 0.21598 80.795 0.097 39.9186 1.67418
5818 8 19 -0.407407 0.175754 80.795 0.097 39.2115 1.63887
5819 13 8 0.238095 0.211942 80.795 0.097 38.8061 1.62655
5820 0 1 -1 0 80.795 0.097 38.5934 1.61882
5821 1 1 0 0.707107 80.795 0.097 40.1824 2.05984
5828 14 13 0.037037 0.192318 80.795 0.097 55.192 6.22919
5829 13 20 -0.212121 0.170116 80.795 0.097 39.0342 1.67384
5830 2 7 -0.555556 0.27716 80.795 0.097 39.3846 1.67035
5831 1 3 -0.5 0.433013 80.795 0.097 39.6812 1.66756
5832 6 6 0 0.288675 80.795 0.097 39.9952 1.65901
5837 10 12 -0.0909091 0.212318 80.795 0.097 39.716 1.6398
5838 2 4 -0.333333 0.3849 80.795 0.097 39.5867 1.63116
5839 10 9 0.0526316 0.229098 80.795 0.097 39.412 1.61959
5840 12 13 -0.04 0.19984 80.795 0.097 39.3434 1.62666
5841 19 15 0.117647 0.170308 80.795 0.097 39.315 1.64789
5842 1 0 1 0 80.795 0.097 39.367 1.66023
5844 2 2 0 0.5 80.795 0.097 39.5044 1.66731
5852 0 2 -1 0 80.795 0.097 40.0214 1.6865
5854 5 5 0 0.316228 80.795 0.097 39.9433 1.68722
5856 7 11 -0.222222 0.229809 80.795 0.097 40.2937 1.66059
5858 9 10 -0.0526316 0.229098 80.795 0.097 40.1939 1.65721
5859 21 6 0.555556 0.160018 80.795 0.097 39.8711 1.64873
5860 17 13 0.133333 0.180944 80.795 0.097 39.32 1.63807
5861 10 13 -0.130435 0.206733 80.795 0.097 39.1662 1.62753
5862 14 11 0.12 0.198555 80.795 0.097 39.0433 1.61892
5863 21 15 0.166667 0.164336 80.795 0.097 38.9207 1.61056
5864 16 14 0.0666667 0.182168 80.795 0.097 38.9505 1.60148
5865 15 9 0.25 0.197642 80.795 0.097 39.5421 2.66051
5866 10 8 0.111111 0.234243 80.795 0.097 41.6859 4.93991
5868 13 18 -0.16129 0.177254 80.795 0.097 43.5107 6.99092
5869 12 9 0.142857 0.21598 80.795 0.097 37.4617 1.55806
5870 12 10 0.0909091 0.212318 80.795 0.097 37.7436 1.56405
5871 17 10 0.259259 0.18587 80.795 0.097 37.9793 1.57005
5872 8 4 0.333333 0.272166 80.795 0.097 38.2959 1.57923
5873 7 10 -0.176471 0.238729 80.795 0.097 38.4097 1.58593
5874 4 2 0.333333 0.3849 80.795 0.097 38.5335 1.59305
5875 15 10 0.2 0.195959 80.795 0.097 38.7059 1.5981
5877 21 16 0.135135 0.162891 80.795 0.097 38.6996 1.60384
5879 8 7 0.0666667 0.257624 80.795 0.097 38.686 1.6042
5880 9 9 0 0.235702 80.795 0.097 38.64 1.60444
5881 7 8 -0.0666667 0.257624 80.795 0.097 38.7042 1.60662
5882 17 12 0.172414 0.182914 80.795 0.097 38.7921 1.61166
5883 9 11 -0.1 0.222486 80.795 0.097 38.8561 1.61584
5884 15 19 -0.117647 0.170308 80.795 0.097 38.8289 1.61612
5885 11 12 -0.0434783 0.208317 80.795 0.097 38.6631 1.6128
5886 9 13 -0.181818 0.209647 80.795 0.097 38.5543 1.61
5887 11 13 -0.0833333 0.203414 80.795 0.097 38.5836 1.80153
5888 10 16 -0.230769 0.190823 80.795 0.097 38.775 2.07955
5889 12 11 0.0434783 0.208317 80.795 0.097 38.9206 2.31174
5890 13 15 -0.0714286 0.1885 80.795 0.097 39.0276 2.32646
5891 14 12 0.0769231 0.195535 80.795 0.097 38.9692 2.02595
5892 5 12 -0.411765 0.22102 80.795 0.097 38.9637 1.76388
5893 22 23 -0.0222222 0.149034 80.795 0.097 46.0983 3.18436
5894 17 17 0 0.171499 80.795 0.097 56.444 5.1984
5895 16 17 -0.030303 0.173998 80.795 0.097 37.9791 1.57089
5896 8 9 -0.0588235 0.242116 80.795 0.097 38.6639 1.59713
5897 1 0 1 0 80.795 0.097 39.4993 1.6445
5898 14 17 -0.0967742 0.178762 80.795 0.097 39.1979 1.62616
5899 26 14 0.3 0.150831 80.795 0.097 38.9616 1.61309
5900 2 2 0 0.5 80.795 0.097 38.7969 1.60328
5901 18 18 0 0.166667 80.795 0.097 39.1052 1.6146
5902 5 7 -0.166667 0.284638 80.795 0.097 39.2661 1.6206
5903 9 9 0 0.235702 80.795 0.097 39.2446 1.62336
5904 11 11 0 0.213201 80.795 0.097 39.0407 1.62437
5912 8 8 0 0.25 80.795 0.097 39.4706 1.65866
5914 11 13 -0.0833333 0.203414 80.795 0.097 39.2422 1.64998
5915 13 13 0 0.196116 80.795 0.097 38.8857 1.63405
5917 6 9 -0.2 0.252982 80.795 0.097 38.67 1.62455
5918 6 8 -0.142857 0.26452 80.795 0.097 38.5203 1.61968
5919 16 14 0.0666667 0.182168 80.795 0.097 38.3358 1.61533
5923 9 9 0 0.235702 80.795 0.097 35.9236 1.5271
5924 3 2 0.2 0.438178 80.795 0.097 35.4458 1.5102
5925 10 6 0.25 0.242061 80.795 0.097 35.6615 1.51649
5926 12 16 -0.142857 0.187044 80.795 0.097 36.0416 1.52753
5927 6 6 0 0.288675 80.795 0.097 36.4097 1.53783
5931 21 10 0.354839 0.167918 80.795 0.097 34.6461 1.46319
5932 4 5 -0.111111 0.331269 80.795 0.097 33.8224 1.42885
5933 14 8 0.272727 0.205119 80.795 0.097 -1 -1
5934 6 7 -0.0769231 0.276528 80.795 0.097 -1 -1
5935 7 8 -0.0666667 0.257624 80.795 0.097 -1 -1
5936 6 5 0.0909091 0.300263 80.795 0.097 -1 -1
5937 8 11 -0.157895 0.226538 80.795 0.097 -1 -1
5938 3 9 -0.5 0.25 80.795 0.097 32.6501 1.37276
5939 5 2 0.428571 0.341494 80.795 0.097 33.1158 1.3957
5941 10 7 0.176471 0.238729 80.795 0.097 33.957 1.43618
5942 5 10 -0.333333 0.243432 80.795 0.097 34.8139 1.47684
5943 12 20 -0.25 0.171163 80.795 0.097 35.3687 1.50075
5944 3 12 -0.6 0.206559 80.795 0.097 35.947 1.52704
5945 13 11 0.0833333 0.203414 80.795 0.097 36.3989 1.54406
5947 11 7 0.222222 0.229809 80.795 0.097 36.6306 1.54928
5948 16 6 0.454545 0.189903 80.795 0.097 36.8413 1.55369
5949 6 1 0.714286 0.26452 80.795 0.097 37.088 1.91932
5950 7 5 0.166667 0.284638 80.795 0.097 37.2962 2.40668
5951 12 12 0 0.204124 80.795 0.097 37.7428 3.46541
5952 8 7 0.0666667 0.257624 80.795 0.097 37.5484 3.84773
5965 4 2 0.333333 0.3849 80.795 0.097 43.0884 1.80007
5966 17 18 -0.0285714 0.168962 80.795 0.097 42.5545 1.79133
5967 5 4 0.111111 0.331269 80.795 0.097 42.2404 1.78631
5968 7 8 -0.0666667 0.257624 80.795 0.097 41.9466 1.77424
5971 7 1 0.75 0.233854 80.795 0.097 41.5318 1.74734
5974 17 15 0.0625 0.176431 80.795 0.097 41.2524 1.72924
5975 7 6 0.0769231 0.276528 80.795 0.097 40.9762 1.71377
5976 17 18 -0.0285714 0.168962 80.795 0.097 40.871 1.71071
5979 0 1 -1 0 80.795 0.097 40.7744 1.70783
5980 3 5 -0.25 0.342327 80.795 0.097 40.7448 1.70699
5985 18 15 0.0909091 0.173357 80.795 0.097 40.8292 1.7098
5986 11 13 -0.0833333 0.203414 80.795 0.097 40.8977 1.71208
5987 11 13 -0.0833333 0.203414 80.795 0.097 40.8875 1.71337
5988 21 8 0.448276 0.165992 80.795 0.097 40.7957 1.71401
5989 13 6 0.368421 0.213278 80.795 0.097 40.7351 1.71443
5990 22 20 0.047619 0.154128 80.795 0.097 40.5495 1.70294
5991 8 21 -0.448276 0.165992 80.795 0.097 40.3394 1.68663
5994 15 10 0.2 0.195959 80.795 0.097 40.1921 1.67309
5995 8 5 0.230769 0.269864 80.795 0.097 40.2729 1.67688
5996 4 9 -0.384615 0.256015 80.795 0.097 40.3743 1.68125
5997 11 15 -0.153846 0.193781 80.795 0.097 40.518 1.68825
5998 17 11 0.214286 0.184592 80.795 0.097 40.6535 1.69426
5999 18 7 0.44 0.1796 80.795 0.097 40.7329 1.69773
6001 7 11 -0.222222 0.229809 80.795 0.097 40.8251 1.70206
6002 0 3 -1 0 80.795 0.097 40.8831 1.70472
6003 16 10 0.230769 0.190823 80.795 0.097 40.8467 1.70455
6004 6 13 -0.368421 0.213278 80.795 0.097 40.7555 1.7035
6005 11 17 -0.214286 0.184592 80.795 0.097 40.6668 1.70245
6006 13 13 0 0.196116 80.795 0.097 40.5881 1.7015
6007 10 9 0.0526316 0.229098 80.795 0.097 42.8124 2.18126
6008 16 10 0.230769 0.190823 80.795 0.097 48.327 3.45032
6009 5 7 -0.166667 0.284638 80.795 0.097 53.6787 4.64929
6010 11 11 0 0.213201 80.795 0.097 59.5275 5.93308
6012 10 9 0.0526316 0.229098 80.795 0.097 39.5741 1.64698
6013 16 14 0.0666667 0.182168 80.795 0.097 39.7784 1.65469
6014 19 11 0.266667 0.175963 80.795 0.097 40.0287 1.6643
6016 21 16 0.135135 0.162891 80.795 0.097 40.1988 1.67371
6017 22 14 0.222222 0.162499 80.795 0.097 40.2472 1.67954
6018 13 13 0 0.196116 80.795 0.097 40.2811 1.68354
6019 7 9 -0.125 0.248039 80.795 0.097 40.3567 1.68757
6020 16 17 -0.030303 0.173998 80.795 0.097 40.4343 1.69043
6024 5 13 -0.444444 0.211144 80.795 0.097 40.558 1.69431
6025 17 24 -0.170732 0.153881 80.795 0.097 40.5971 1.69663
6026 10 15 -0.2 0.195959 80.795 0.097 40.6043 1.69897
6027 20 13 0.212121 0.170116 80.795 0.097 40.6106 1.70105
6028 16 15 0.0322581 0.179512 80.795 0.097 40.622 1.70196
6029 16 15 0.0322581 0.179512 80.795 0.097 40.6362 1.70155
6030 3 8 -0.454545 0.268563 80.795 0.097 40.6493 1.70117
6031 7 8 -0.0666667 0.257624 80.795 0.097 40.6627 1.70077
6032 4 1 0.6 0.357771 80.795 0.097 40.6747 1.70108
6033 14 19 -0.151515 0.172068 80.795 0.097 40.6934 1.7022
6034 11 5 0.375 0.231756 80.795 0.097 40.7329 1.70442
6035 6 11 -0.294118 0.231808 80.795 0.097 40.764 1.70616
6036 19 15 0.117647 0.170308 80.795 0.097 40.7037 1.70663
6037 16 16 0 0.176777 80.795 0.097 40.5343 1.70615
6038 7 17 -0.416667 0.185561 80.795 0.097 40.3856 1.70574
6039 17 14 0.0967742 0.178762 80.795 0.097 40.2591 1.70538
6040 16 14 0.0666667 0.182168 80.795 0.097 40.1858 1.70084
6041 15 20 -0.142857 0.167297 80.795 0.097 40.1962 1.69274
6042 14 13 0.037037 0.192318 80.795 0.097 40.2064 1.68528
6043 19 16 0.0857143 0.168409 80.795 0.097 40.2177 1.67677
6044 9 12 -0.142857 0.21598 80.795 0.097 40.2556 1.67593
6048 11 15 -0.153846 0.193781 80.795 0.097 40.3443 1.68327
6050 17 14 0.0967742 0.178762 80.795 0.097 40.4029 1.68801
6051 16 14 0.0666667 0.182168 80.795 0.097 40.4522 1.69003
6052 13 16 -0.103448 0.184699 80.795 0.097 40.494 1.69035
6053 6 3 0.333333 0.31427 80.795 0.097 40.5354 1.69065
6060 13 16 -0.103448 0.184699 80.795 0.097 40.5294 1.68679
6061 15 14 0.0344828 0.185585 80.795 0.097 40.4186 1.67943
6062 12 6 0.333333 0.222222 80.795 0.097 40.3389 1.67382
6063 13 17 -0.133333 0.180944 80.795 0.097 40.3202 1.67404
6064 11 6 0.294118 0.231808 80.795 0.097 40.3609 1.67973
6065 14 4 0.555556 0.195982 80.795 0.097 40.4034 1.68598
6066 15 17 -0.0625 0.176431 80.795 0.097 40.4438 1.69159
6068 7 7 0 0.267261 80.795 0.097 40.4597 1.69388
6069 7 6 0.0769231 0.276528 80.795 0.097 40.4533 1.69308
6070 17 14 0.0967742 0.178762 80.795 0.097 40.4442 1.69193
6071 11 10 0.047619 0.21797 80.795 0.097 40.434 1.69062
6072 13 7 0.3 0.213307 80.795 0.097 40.426 1.68956
6073 18 16 0.0588235 0.171202 80.795 0.097 40.4615 1.69453
6074 12 8 0.2 0.219089 80.795 0.097 40.5363 1.70473
6075 11 9 0.1 0.222486 80.795 0.097 40.6304 1.71767
6076 3 9 -0.5 0.25 80.795 0.097 40.6775 1.72435
6077 11 14 -0.12 0.198555 80.795 0.097 40.6539 1.72039
6078 10 8 0.111111 0.234243 80.795 0.097 40.5622 1.70591
6079 5 5 0 0.316228 80.795 0.097 40.5169 1.69826
6081 15 12 0.111111 0.191258 80.795 0.097 40.4431 1.68649
6082 10 9 0.0526316 0.229098 80.795 0.097 -1 -1
6083 20 18 0.0526316 0.161997 80.795 0.097 -1 -1
