N_plus_all      = 1805
N_minus_all     = 1780
A_acc           = 0.0069735
err_A_acc       = 0.0167011
accidental_events = 919
QE_events       = 27516
f_acc           = 0.0333987
err_f_acc       = 0.00110172
