N_plus_all      = 1805
N_minus_all     = 1779
A_acc           = 0.00725446
err_A_acc       = 0.0167034
accidental_events = 919
QE_events       = 27518
f_acc           = 0.0333963
err_f_acc       = 0.00110164
