N_plus_all      = 809
N_minus_all     = 821
A_acc           = -0.00736196
err_A_acc       = 0.0247682
accidental_events = 438
QE_events       = 29482
f_acc           = 0.0148565
err_f_acc       = 0.000704579
