par0 = 0.624512
par1 = 0.175979
par2 = 0.394862
data events = 35134
background events = 14762.6
background_fraction = 0.420179
err_background_fraction = 0.00412121
proton_fraction = 0.0626126
err_proton_fraction = 0.00137611
f_in_dx = 0.391709
err_f_in_dx = 0.00388256
f_p = 0.0626126
err_f_p = 0.00137611
inelastic_events_pos = 19082.2
inelastic_events_neg = 19257.4
A_in_dx_method = -0.00457078
err_A_in_dx_method = 0.00510707
A_p = 0
err_A_p = 0
W2_data_events = 22280
W2_fit_events = 21351.5
W2_neutron_events = 13870.1
W2_bkg_events = 8138.56
W2_proton_events = 271.285
background_fraction_W2_fit = 0.365286
err_background_fraction_W2_fit = 0.00473119
inelastic_fraction_W2_fit = 0.340535
err_inelastic_fraction_W2_fit = 0.0044374
f_in = 0.340535
err_f_in = 0.0044374
SSR_W2_single_param = 123864
SSR_W2_two_param    = 1.00749e+07
avg_extrap_A_percent = 0.496137
err_avg_extrap_A_percent = 0.054387
A_in = 0.00496137
err_A_in = 0.00054387
num_elastic_points_used = 32
