par0 = 0.6559
par1 = 0.177728
par2 = 0.31538
background_fraction = 0.309907
err_inelastic_fraction = 0.00379285
proton_fraction = 0.0180969
err_proton_fraction = 0.000906947
f_in = 0.270471
err_f_in = 0.00379285
f_p = 0.0180969
err_f_p = 0.000906947
inelastic_events_pos = 14265
inelastic_events_neg = 15011.5
A_in = -0.0254973
err_A_in = 0.0058425
A_p = 0
err_A_p = 0
