par0 = 0.662913
par1 = 0.182865
par2 = 0.311734
data events = 21210
background events = 6772.53
background_fraction = 0.319308
err_background_fraction = 0.00445664
proton_fraction = 0.0236366
err_proton_fraction = 0.00106806
f_in_dx = 0.29341
err_f_in_dx = 0.00414247
f_p = 0.0236366
err_f_p = 0.00106806
inelastic_events_pos = 13301.3
inelastic_events_neg = 13309.7
A_in_dx_method = -0.000313885
err_A_in_dx_method = 0.00613012
A_p = 0
err_A_p = 0
W2_data_events = 13455
W2_fit_events = 13455
W2_neutron_events = 8145.08
W2_bkg_events = 5153.75
W2_proton_events = 156.174
background_fraction_W2_fit = 0.383036
err_background_fraction_W2_fit = 0.00627472
inelastic_fraction_W2_fit = 0.351969
err_inelastic_fraction_W2_fit = 0.00581421
f_in = 0.351969
err_f_in = 0.00581421
SSR_W2_single_param = 35320.5
SSR_W2_two_param    = 2.99024e+06
avg_extrap_A_percent = 0.509873
err_avg_extrap_A_percent = 0.049504
A_in = 0.00509873
err_A_in = 0.00049504
num_elastic_points_used = 30
