par0 = 0.64161
par1 = 0.208157
par2 = 0.335281
data events = 11382
background events = 3491.97
background_fraction = 0.306798
err_background_fraction = 0.005935
proton_fraction = 0.0236501
err_proton_fraction = 0.00145842
f_in_dx = 0.285069
err_f_in_dx = 0.00553918
f_p = 0.0236501
err_f_p = 0.00145842
inelastic_events_pos = 6712.4
inelastic_events_neg = 6924.11
A_in = -0.0155248
err_A_in = 0.00856241
A_p = 0
err_A_p = 0
W2_data_events = 7255
W2_fit_events = 7255
W2_neutron_events = 4091.43
W2_bkg_events = 3070.52
W2_proton_events = 93.0461
background_fraction_W2_fit = 0.423228
err_background_fraction_W2_fit = 0.00911184
inelastic_fraction_W2_fit = 0.393254
err_inelastic_fraction_W2_fit = 0.00849691
f_in = 0.393254
err_f_in = 0.00849691
SSR_W2_single_param = 16491.3
SSR_W2_two_param    = 864255
