par0 = 0.608671
par1 = 0.186566
par2 = 0.411939
data events = 41500
background events = 17010.5
background_fraction = 0.409891
err_background_fraction = 0.00373167
proton_fraction = 0.061785
err_proton_fraction = 0.00125729
f_in_dx = 0.382118
err_f_in_dx = 0.00352144
f_p = 0.061785
err_f_p = 0.00125729
inelastic_events_pos = 22183.8
inelastic_events_neg = 23760.7
A_in_dx_method = -0.0343213
err_A_in_dx_method = 0.00466259
A_p = 0
err_A_p = 0
W2_data_events = 29482
W2_fit_events = 29482
W2_neutron_events = 19016.6
W2_bkg_events = 10062.9
W2_proton_events = 402.514
background_fraction_W2_fit = 0.341322
err_background_fraction_W2_fit = 0.00394067
inelastic_fraction_W2_fit = 0.318195
err_inelastic_fraction_W2_fit = 0.00370172
f_in = 0.318195
err_f_in = 0.00370172
SSR_W2_single_param = 655846
SSR_W2_two_param    = 1.74713e+07
avg_extrap_A_percent = 0.391251
err_avg_extrap_A_percent = 0.047297
A_in = 0.00391251
err_A_in = 0.00047297
num_elastic_points_used = 32
