par0 = 0.652513
par1 = 0.179479
par2 = 0.325314
background_fraction = 0.317993
err_inelastic_fraction = 0.00385655
proton_fraction = 0.0168969
err_proton_fraction = 0.000876121
f_in = 0.277528
err_f_in = 0.00385655
f_p = 0.0168969
err_f_p = 0.000876121
inelastic_events_pos = 13209.1
inelastic_events_neg = 15699.5
A_in = -0.0861473
err_A_in = 0.0058596
A_p = 0
err_A_p = 0
W2_fit_events = 27532.6
W2_neutron_events = 20080.4
W2_bkg_events = 10810.6
W2_proton_events = 548.255
background_fraction_W2_fit = 0.392648
