par0 = 0.643482
par1 = 0.179678
par2 = 0.357073
background_fraction = 0.300286
err_inelastic_fraction = 0.00399089
proton_fraction = 0.0275441
err_proton_fraction = 0.00112409
f_in = 0.285953
err_f_in = 0.00399089
f_p = 0.0275441
err_f_p = 0.00112409
inelastic_events_pos = 16300
inelastic_events_neg = 16585.1
A_in = -0.00866679
err_A_in = 0.00551422
A_p = 0
err_A_p = 0
