par0 = 0.640456
par1 = 0.167588
par2 = 0.381296
data events = 22387
background events = 8220.89
background_fraction = 0.367217
err_background_fraction = 0.00473568
proton_fraction = 0.0165836
err_proton_fraction = 0.000867786
f_in = 0.320085
err_f_in = 0.00422737
f_p = 0.0165836
err_f_p = 0.000867786
inelastic_events_pos = 17183.3
inelastic_events_neg = 17777
A_in = -0.0169809
err_A_in = 0.00534749
A_p = 0
err_A_p = 0
W2_data_events = 27527
W2_fit_events = 27527
W2_neutron_events = 16755.6
W2_bkg_events = 10322.6
W2_proton_events = 448.807
background_fraction_W2_fit = 0.374998
err_background_fraction_W2_fit = 0.00432799
