par0 = 0.643661
par1 = 0.161222
par2 = 0.371335
background_fraction = 0.358571
err_inelastic_fraction = 0.0044601
proton_fraction = 0.0275518
err_proton_fraction = 0.00112425
f_in = 0.341456
err_f_in = 0.0044601
f_p = 0.0275518
err_f_p = 0.00112425
inelastic_events_pos = 17413
inelastic_events_neg = 17553.5
A_in = -0.00401802
err_A_in = 0.00534775
A_p = 0
err_A_p = 0
