par0 = 0.652505
par1 = 0.179496
par2 = 0.325273
background_fraction = 0.317926
err_inelastic_fraction = 0.00385272
proton_fraction = 0.0168956
err_proton_fraction = 0.000876046
f_in = 0.277121
err_f_in = 0.00385272
f_p = 0.0168956
err_f_p = 0.000876046
inelastic_events_pos = 13203.2
inelastic_events_neg = 15706.4
A_in = -0.0865867
err_A_in = 0.00585928
A_p = 0
err_A_p = 0
W2_fit_events = 27539.1
W2_neutron_events = 19431.5
W2_bkg_events = 11346
W2_proton_events = 535.578
background_fraction_W2_fit = 0.411994
