par0 = 0.635749
par1 = 0.173844
par2 = 0.368344
background_fraction = 0.306042
err_inelastic_fraction = 0.00403809
proton_fraction = 0.0287254
err_proton_fraction = 0.0011486
f_in = 0.291434
err_f_in = 0.00403809
f_p = 0.0287254
err_f_p = 0.0011486
A_in = -0.00786428
err_A_in = 0.0120385
A_p = 0
err_A_p = 0
