N_N2_sim = 222169
N_He3_sim = 102099
N_N2_sim_integral = 4.82049e-32
N_He3_sim_integral = 1.74223e-32
nentries_N2 = 1668078
nentries_He3 = 1495704
S = 0.17721
Nitrogen fraction = 0.0311415
f_N2 = 0.0311415
err_f_N2 = 0.000742464
