N_N2_sim = 247509
N_He3_sim = 121622
N_N2_sim_integral = 6.24694e-32
N_He3_sim_integral = 2.81507e-32
nentries_N2 = 1668078
nentries_He3 = 1495704
S = 0.142128
Nitrogen fraction = 0.0249765
f_N2 = 0.0249765
err_f_N2 = 0.000591357
