N_N2_sim = 222169
N_He3_sim = 6493
N_N2_sim_integral = 5.61183e-32
N_He3_sim_integral = 1.47741e-33
nentries_N2 = 1668078
nentries_He3 = 95920
S = 0.156016
Nitrogen fraction = 0.027417
f_N2 = 0.027417
err_f_N2 = 0.000649089
