Cpi_pos = 0.135056
Cpi_neg = 0.13605
pos_integral = 19071.3
neg_integral = 19273.5
asymCpi = -0.00366538
err_asymCpi = 0.00562389
asymIntegral = -0.00527383
err_asymIntegral = 0.00510671
asymGrinch = -0.00510378
err_asymGrinch = 0.00312385
pi_events_all = 304.261
QE_events_all = 13457
A_pi = -0.00510378
err_A_pi = 0.00312385
f_pi = 0.0213428
err_f_pi = 0.00123777
