Cpi_pos = 0.12765
Cpi_neg = 0.128203
pos_integral = 23847.4
neg_integral = 24067.7
asymCpi = -0.00216102
err_asymCpi = 1.97699
asymIntegral = -0.00459592
err_asymIntegral = 0.00456835
asymGrinch = -0.00113148
err_asymGrinch = 0.0106371
A_pi = -0.00113148
err_A_pi = 0.0106371
f_pi = 0
err_f_pi = 0
