Cpi_pos = 0.15554
Cpi_neg = 0.156339
pos_integral = 29057.9
neg_integral = 29349.8
asymCpi = -0.00256283
err_asymCpi = 1.79063
asymIntegral = -0.00499772
err_asymIntegral = 0.00413771
asymGrinch = -0.00113148
err_asymGrinch = 0.0106371
A_pi = -0.00113148
err_A_pi = 0.0106371
f_pi = 0
err_f_pi = 0
