Cpi_pos = 0.133362
Cpi_neg = 0.133764
pos_integral = 18905.1
neg_integral = 19023.7
asymCpi = -0.0015036
err_asymCpi = 0.00569123
asymIntegral = -0.00312698
err_asymIntegral = 0.00513468
asymGrinch = 0.00367534
err_asymGrinch = 0.0123749
pi_events_all = 308.144
QE_events_all = 20845
A_pi = 0.00367534
err_A_pi = 0.0123749
f_pi = 0.0139542
err_f_pi = 0.000801078
