Cpi_pos = 0.155323
Cpi_neg = 0.156091
pos_integral = 29020.5
neg_integral = 29309.3
asymCpi = -0.00246624
err_asymCpi = 1.79197
asymIntegral = -0.00495146
err_asymIntegral = 0.00414047
asymGrinch = -0.00113122
err_asymGrinch = 0.0106359
A_pi = -0.00113122
err_A_pi = 0.0106359
f_pi = 0
err_f_pi = 0
