#run N+ N- A_raw dA_raw beamPol dBeam targetPol dTgt
2613 64 57 0.0578512 0.0907568 86.488 0.08 42.0587 0.639423
2614 38 21 0.288136 0.124668 86.488 0.08 42.4276 0.573079
2615 51 64 -0.113043 0.0926527 86.488 0.08 42.909 0.622039
2616 48 45 0.0322581 0.103641 86.488 0.08 43.1253 0.630136
2617 42 49 -0.0769231 0.104518 86.488 0.08 43.1322 0.689899
2618 84 67 0.112583 0.0808615 86.488 0.08 43.1544 0.619282
2619 49 47 0.0208333 0.10204 86.488 0.08 43.2567 0.665229
2620 55 66 -0.0909091 0.0905327 86.488 0.08 43.3011 0.635716
2621 49 53 -0.0392157 0.0989386 86.488 0.08 43.3371 0.694982
2622 46 35 0.135802 0.110082 86.488 0.08 43.1389 0.686627
2623 36 28 0.125 0.12402 86.488 0.08 42.9382 0.62369
2624 62 59 0.0247934 0.0908811 86.488 0.08 42.8209 0.62595
2625 51 58 -0.0642202 0.0955849 86.488 0.08 42.7779 0.701637
2626 60 54 0.0526316 0.0935288 86.488 0.08 42.801 0.670251
2627 62 60 0.0163934 0.0905236 86.488 0.08 42.8691 0.648789
2628 40 52 -0.130435 0.103367 86.488 0.08 42.9203 0.662388
2629 69 79 -0.0675676 0.0820116 86.488 0.08 43.0929 0.639698
2630 8 5 0.230769 0.269864 86.488 0.08 43.2708 0.62278
2631 74 54 0.15625 0.0873027 86.488 0.08 43.4182 0.601752
2632 29 26 0.0545455 0.134639 86.488 0.08 43.6634 0.619843
2633 54 49 0.0485437 0.0984168 86.488 0.08 44.287 0.669163
2634 14 19 -0.151515 0.172068 86.488 0.08 44.9422 0.666674
2635 98 90 0.0425532 0.0728664 86.488 0.08 46.4418 0.69392
2637 72 47 0.210084 0.0896241 86.488 0.08 46.1862 0.699111
2638 38 45 -0.0843373 0.109373 86.488 0.08 45.8916 0.763512
2646 47 53 -0.06 0.0998198 86.488 0.08 45.1448 0.669902
2647 47 58 -0.104762 0.097053 86.488 0.08 44.8292 0.673237
2648 41 46 -0.0574713 0.107034 86.488 0.08 44.5617 0.640967
2649 10 15 -0.2 0.195959 86.488 0.08 44.3645 0.584546
2650 61 56 0.042735 0.0923656 86.488 0.08 44.5859 0.669911
2651 49 61 -0.109091 0.0947772 86.488 0.08 45.2224 0.631637
2659 53 47 0.06 0.0998198 86.488 0.08 45.2435 0.677257
2660 47 49 -0.0208333 0.10204 86.488 0.08 45.0533 0.700351
2661 52 45 0.0721649 0.10127 86.488 0.08 44.9179 0.672712
2662 13 20 -0.212121 0.170116 86.488 0.08 44.66 0.712762
2667 65 57 0.0655738 0.0903409 86.488 0.08 44.1312 0.617726
2668 48 58 -0.0943396 0.0966954 86.488 0.08 44.1852 0.646735
2669 59 47 0.113208 0.0965042 86.488 0.08 44.3021 0.688026
2670 76 52 0.1875 0.0868207 86.488 0.08 44.4598 0.626471
2671 68 50 0.152542 0.0909801 86.488 0.08 44.4021 0.633925
2674 64 42 0.207547 0.0950136 86.488 0.08 44.2342 0.648943
2676 40 62 -0.215686 0.0966842 86.488 0.08 44.1555 0.690105
2677 36 44 -0.1 0.111243 86.488 0.08 44.3425 0.738612
2678 2 6 -0.5 0.306186 86.488 0.08 44.4308 0.602822
2679 64 42 0.207547 0.0950136 86.488 0.08 44.4876 0.626713
2680 62 56 0.0508475 0.0919384 86.488 0.08 44.6525 0.641627
2681 65 45 0.181818 0.093757 86.488 0.08 44.7438 0.625669
2683 31 30 0.0163934 0.12802 86.488 0.08 44.8643 0.64821
2684 47 34 0.160494 0.109671 86.488 0.08 44.853 0.671799
2685 50 36 0.162791 0.106394 86.488 0.08 44.8217 0.678021
2687 40 51 -0.120879 0.10406 86.488 0.08 44.7606 0.683576
2688 57 36 0.225806 0.101017 86.488 0.08 44.726 0.68211
2689 57 52 0.0458716 0.0956818 86.488 0.08 44.6496 0.667883
2690 34 46 -0.15 0.110538 86.488 0.08 44.5563 0.658272
2691 50 54 -0.0384615 0.0979855 86.488 0.08 44.5295 0.645858
2692 61 55 0.0517241 0.0927234 86.488 0.08 44.4727 0.672734
2693 39 40 -0.0126582 0.1125 86.488 0.08 44.3996 0.668189
2694 62 67 -0.0387597 0.0879789 86.488 0.08 44.5376 0.641897
2695 71 61 0.0757576 0.0867887 86.488 0.08 44.8074 0.635316
2696 38 39 -0.012987 0.113951 86.488 0.08 45.002 0.650922
2697 54 52 0.0188679 0.0971113 86.488 0.08 45.2327 0.650653
2698 59 51 0.0727273 0.0950938 86.488 0.08 45.4289 0.656954
2699 79 51 0.215385 0.0856473 86.488 0.08 45.5923 0.633825
2700 78 58 0.147059 0.084817 86.488 0.08 45.8296 0.634226
2701 67 50 0.145299 0.0914689 86.488 0.08 46.0202 0.651591
2702 80 51 0.221374 0.0852027 86.488 0.08 46.1705 0.654047
2703 58 47 0.104762 0.097053 86.488 0.08 46.4039 0.690958
2704 54 58 -0.0357143 0.0944308 86.488 0.08 46.6281 0.679828
2705 46 37 0.108434 0.109117 86.488 0.08 46.8175 0.74342
2706 79 61 0.128571 0.083814 86.488 0.08 46.9331 0.656196
2707 36 37 -0.0136986 0.11703 86.488 0.08 46.9454 0.666901
2709 24 40 -0.25 0.121031 86.488 0.08 47.0316 0.749836
2710 11 9 0.1 0.222486 86.488 0.08 46.9451 0.70128
2711 82 68 0.0933333 0.0812933 86.488 0.08 46.8382 0.643307
2712 68 48 0.172414 0.0914572 86.488 0.08 46.6853 0.710233
2713 12 5 0.411765 0.22102 86.488 0.08 46.6003 0.756279
2714 53 61 -0.0701754 0.0934277 86.488 0.08 46.6007 0.708095
2715 46 46 0 0.104257 86.488 0.08 46.6628 0.709217
2716 71 64 0.0518519 0.0859505 86.488 0.08 46.6605 0.6307
2717 63 44 0.17757 0.0951373 86.488 0.08 46.7508 0.58448
2718 68 67 0.00740741 0.0860639 86.488 0.08 46.7541 0.529033
2719 64 53 0.0940171 0.0920405 86.488 0.08 46.7498 0.638362
2720 46 51 -0.0515464 0.1014 86.488 0.08 46.7631 0.716783
2721 67 41 0.240741 0.093395 86.488 0.08 46.7704 0.727464
2722 62 54 0.0689655 0.0926266 86.488 0.08 46.7627 0.693632
2723 60 55 0.0434783 0.0931623 86.488 0.08 46.8106 0.68978
2724 61 50 0.0990991 0.0944486 86.488 0.08 46.8613 0.660854
2725 56 53 0.0275229 0.0957463 86.488 0.08 46.9521 0.682966
2726 71 62 0.0676692 0.0865122 86.488 0.08 47.1179 0.65253
2727 48 51 -0.030303 0.100458 86.488 0.08 47.5201 0.698738
2728 62 36 0.265306 0.0973953 86.488 0.08 47.9364 0.672502
2729 67 48 0.165217 0.091969 86.488 0.08 48.2918 0.699432
2730 22 14 0.222222 0.162499 86.488 0.08 48.5119 0.734076
2763 58 38 0.208333 0.0998226 86.488 0.08 43.7768 0.637048
2764 42 41 0.0120482 0.109756 86.488 0.08 44.7439 0.717572
2765 44 33 0.142857 0.112792 86.488 0.08 45.8535 0.706897
2766 61 41 0.196078 0.0970927 86.488 0.08 46.2873 0.68404
2767 62 69 -0.0534351 0.0872456 86.488 0.08 46.406 0.654699
2768 61 55 0.0517241 0.0927234 86.488 0.08 46.5295 0.661716
2769 63 50 0.115044 0.0934475 86.488 0.08 39.7242 0.551391
2770 29 22 0.137255 0.138703 86.488 0.08 29.0684 0.471947
2959 35 32 0.0447761 0.122047 86.488 0.08 35.9556 0.825862
2964 28 43 -0.211268 0.115999 86.488 0.08 29.1263 0.605479
2966 41 47 -0.0681818 0.106352 86.488 0.08 32.542 0.704953
2967 31 22 0.169811 0.135366 86.488 0.08 34.7615 0.756327
2968 76 53 0.178295 0.0866344 86.488 0.08 36.6827 0.792702
2970 23 46 -0.333333 0.113501 86.488 0.08 38.4575 0.788632
2971 4 2 0.333333 0.3849 86.488 0.08 39.0248 0.780299
2973 28 29 -0.0175439 0.132433 86.488 0.08 39.5911 0.83632
2974 48 32 0.2 0.109545 86.488 0.08 40.056 0.80394
2976 12 11 0.0434783 0.208317 86.488 0.08 40.0012 0.739036
2981 0 1 -1 0 86.488 0.08 39.9473 1.11874
2983 50 44 0.0638298 0.102932 86.488 0.08 39.8661 0.763038
2984 104 91 0.0666667 0.0714522 86.488 0.08 39.7346 0.762329
2985 95 80 0.0857143 0.0753147 86.488 0.08 39.6336 0.703671
2986 15 14 0.0344828 0.185585 86.488 0.08 39.5823 0.854178
2988 14 9 0.217391 0.203528 86.488 0.08 39.5461 0.89761
2989 75 90 -0.0909091 0.0775275 86.488 0.08 39.9674 0.788927
2990 25 18 0.162791 0.150464 86.488 0.08 40.3761 0.863639
2995 99 90 0.047619 0.0726568 86.488 0.08 40.811 0.759931
2996 5 6 -0.0909091 0.300263 86.488 0.08 39.8636 0.95406
2997 40 56 -0.166667 0.100635 86.488 0.08 22.724 0.487273
2998 85 88 -0.017341 0.0760172 86.488 0.08 24.5463 0.485429
2999 101 83 0.0978261 0.0733674 86.488 0.08 25.4787 0.492537
3000 26 33 -0.118644 0.129269 86.488 0.08 25.7957 0.560538
3001 18 16 0.0588235 0.171202 86.488 0.08 25.9056 0.54132
3003 27 17 0.227273 0.146811 86.488 0.08 26.0304 0.53198
3004 110 109 0.00456621 0.067573 86.488 0.08 26.4766 0.521419
3005 87 74 0.0807453 0.0785537 86.488 0.08 28.3587 0.55489
3006 35 44 -0.113924 0.111776 86.488 0.08 32.4374 0.671117
3007 89 83 0.0348837 0.0762029 86.488 0.08 34.4181 0.709161
3008 56 38 0.191489 0.101233 86.488 0.08 36.2844 0.755623
3009 38 27 0.169231 0.122246 86.488 0.08 36.8815 0.732215
3011 46 60 -0.132075 0.0962777 86.488 0.08 38.2991 0.735307
3013 26 34 -0.133333 0.127947 86.488 0.08 39.1077 0.836952
3014 51 60 -0.0810811 0.0946033 86.488 0.08 39.476 0.754876
3016 47 53 -0.06 0.0998198 86.488 0.08 39.6562 0.788306
3017 29 42 -0.183099 0.116672 86.488 0.08 39.9657 0.762216
3018 43 43 0 0.107833 86.488 0.08 40.4666 0.787981
3019 23 35 -0.206897 0.128465 86.488 0.08 40.6369 0.807213
3020 43 55 -0.122449 0.100255 86.488 0.08 40.6422 0.74428
3021 39 39 0 0.113228 86.488 0.08 40.8316 0.825638
3022 13 12 0.04 0.19984 86.488 0.08 41.0736 0.872581
3024 23 24 -0.0212766 0.145832 86.488 0.08 41.5893 0.860278
3025 47 49 -0.0208333 0.10204 86.488 0.08 41.8505 0.892632
3026 44 37 0.0864198 0.110695 86.488 0.08 42.287 0.881665
3027 102 79 0.127072 0.0737269 86.488 0.08 42.5074 0.864516
3028 98 78 0.113636 0.0748896 86.488 0.08 42.2017 0.875347
3029 38 32 0.0857143 0.119083 86.488 0.08 42.1095 0.888018
3030 74 78 -0.0263158 0.0810826 86.488 0.08 42.0197 0.838516
3035 102 96 0.030303 0.0710343 86.488 0.08 40.054 0.810642
3036 76 78 -0.012987 0.0805755 86.488 0.08 40.3825 0.80766
3037 17 24 -0.170732 0.153881 86.488 0.08 40.3621 0.72082
3038 110 111 -0.00452489 0.0672666 86.488 0.08 40.4141 0.775431
3039 26 29 -0.0545455 0.134639 86.488 0.08 38.882 0.762251
3043 90 100 -0.0526316 0.0724471 86.488 0.08 39.8281 0.801094
3045 126 109 0.0723404 0.0650619 86.488 0.08 40.4759 0.782401
3046 43 42 0.0117647 0.108458 86.488 0.08 40.6137 0.842625
3047 25 20 0.111111 0.148148 86.488 0.08 40.675 0.715766
3048 111 81 0.15625 0.0712824 86.488 0.08 40.6883 0.823368
3049 118 97 0.0976744 0.0678733 86.488 0.08 40.29 0.778037
3050 109 103 0.0283019 0.0686528 86.488 0.08 40.1538 0.755294
3051 96 111 -0.0724638 0.0693221 86.488 0.08 40.2081 0.79472
3052 51 66 -0.128205 0.0916871 86.488 0.08 40.2267 0.765724
3054 27 24 0.0588235 0.139786 86.488 0.08 40.3042 0.907283
3055 32 34 -0.030303 0.123035 86.488 0.08 40.1384 0.781273
3058 67 71 -0.0289855 0.0850899 86.488 0.08 39.6829 0.753481
3059 50 51 -0.00990099 0.0994988 86.488 0.08 39.7886 0.761924
3061 36 41 -0.0649351 0.11372 86.488 0.08 40.5624 0.850944
3062 54 36 0.2 0.10328 86.488 0.08 41.2321 0.845833
3063 56 54 0.0181818 0.0953305 86.488 0.08 41.8533 0.817086
3064 63 85 -0.148649 0.0812863 86.488 0.08 42.558 0.831282
3065 67 59 0.0634921 0.0889073 86.488 0.08 43.0908 0.846076
3068 53 65 -0.101695 0.0915802 86.488 0.08 43.1603 0.865167
3069 18 22 -0.1 0.157321 86.488 0.08 43.2045 0.885442
3075 51 44 0.0736842 0.102319 86.488 0.08 41.4543 0.788508
3076 45 50 -0.0526316 0.102456 86.488 0.08 41.6809 0.842111
3077 95 121 -0.12037 0.0675467 86.488 0.08 42.0756 0.827292
3079 112 113 -0.00444444 0.066666 86.488 0.08 42.8962 0.815422
3080 48 57 -0.0857143 0.0972309 86.488 0.08 43.2406 0.847202
3082 80 79 0.00628931 0.0793036 86.488 0.08 43.2055 0.86891
3089 93 95 -0.0106383 0.0729284 86.488 0.08 43.1658 0.854188
3090 71 72 -0.00699301 0.0836222 86.488 0.08 42.8418 0.78772
3091 90 89 0.00558659 0.0747423 86.488 0.08 42.4453 0.790502
3092 108 92 0.08 0.070484 86.488 0.08 41.9705 0.830784
3093 37 34 0.0422535 0.118572 86.488 0.08 41.981 0.888224
3108 64 74 -0.0724638 0.0849019 86.488 0.08 36.8412 0.697045
3109 73 66 0.0503597 0.0847113 86.488 0.08 37.5803 0.743386
3110 77 57 0.149254 0.0854192 86.488 0.08 38.4294 0.712782
3111 24 28 -0.0769231 0.138264 86.488 0.08 38.8713 0.71023
3112 61 87 -0.175676 0.0809211 86.488 0.08 39.3593 0.79659
3113 56 60 -0.0344828 0.0927925 86.488 0.08 39.8172 0.793242
3114 99 56 0.277419 0.0771692 86.488 0.08 40.3128 0.764313
3115 77 85 -0.0493827 0.0784716 86.488 0.08 40.7143 0.817589
3116 48 63 -0.135135 0.0940452 86.488 0.08 40.9256 0.849443
3117 63 52 0.0956522 0.0928229 86.488 0.08 41.0679 0.782258
3118 56 57 -0.00884956 0.0940684 86.488 0.08 41.0245 0.81175
3119 50 50 0 0.1 86.488 0.08 40.7666 0.831642
3120 44 64 -0.185185 0.0945607 86.488 0.08 40.5292 0.811871
3121 46 33 0.164557 0.110975 86.488 0.08 40.2369 0.755289
3122 71 60 0.0839695 0.0870618 86.488 0.08 40.2598 0.789554
3123 86 78 0.0487805 0.0779939 86.488 0.08 40.3311 0.744015
3124 55 42 0.134021 0.100619 86.488 0.08 40.3925 0.776924
3126 72 62 0.0746269 0.086146 86.488 0.08 40.408 0.768137
3127 16 25 -0.219512 0.152365 86.488 0.08 40.5065 0.797671
3134 91 83 0.045977 0.0757296 86.488 0.08 40.6334 0.824172
3135 103 80 0.125683 0.073336 86.488 0.08 40.751 0.825981
3136 94 96 -0.0105263 0.0725436 86.488 0.08 40.8923 0.780216
3138 55 47 0.0784314 0.0987097 86.488 0.08 41.0194 0.855826
3139 25 23 0.0416667 0.144212 86.488 0.08 41.3121 0.820387
3140 32 27 0.0847458 0.129721 86.488 0.08 41.4465 0.815241
3141 59 80 -0.151079 0.0838453 86.488 0.08 41.4641 0.803673
3149 9 4 0.384615 0.256015 86.488 0.08 41.2537 0.893691
3150 5 7 -0.166667 0.284638 86.488 0.08 41.2372 0.785897
3151 58 48 0.0943396 0.0966954 86.488 0.08 41.1403 0.801097
3152 71 69 0.0142857 0.0845068 86.488 0.08 40.8195 0.778988
3158 8 17 -0.36 0.18659 86.488 0.08 40.9411 0.899712
3159 108 114 -0.027027 0.0670911 86.488 0.08 39.8301 0.757773
3160 82 70 0.0789474 0.0808575 86.488 0.08 40.2089 0.788688
3161 91 81 0.0581395 0.0761203 86.488 0.08 40.1037 0.768272
3162 65 80 -0.103448 0.0825999 86.488 0.08 39.9943 0.793695
3163 79 81 -0.0125 0.0790508 86.488 0.08 39.7131 0.716199
3164 84 87 -0.0175439 0.0764601 86.488 0.08 39.7655 0.734449
3165 48 48 0 0.102062 86.488 0.08 40.0115 0.745241
3166 75 78 -0.0196078 0.0808297 86.488 0.08 40.4177 0.768138
3167 64 71 -0.0518519 0.0859505 86.488 0.08 40.522 0.765868
3171 28 29 -0.0175439 0.132433 86.488 0.08 40.7023 0.704587
3174 75 63 0.0869565 0.0848032 86.488 0.08 40.6582 0.7829
3176 79 77 0.0128205 0.0800575 86.488 0.08 40.3134 0.791977
3177 71 68 0.0215827 0.0847991 86.488 0.08 40.2305 0.782973
3178 83 84 -0.00598802 0.0773809 86.488 0.08 40.2063 0.698835
3179 83 84 -0.00598802 0.0773809 86.488 0.08 40.1712 0.773701
3180 94 70 0.146341 0.0772462 86.488 0.08 40.1172 0.745333
3181 12 10 0.0909091 0.212318 86.488 0.08 40.0853 0.712914
3182 80 57 0.167883 0.0842232 86.488 0.08 40.1357 0.756763
3183 61 60 0.00826446 0.090906 86.488 0.08 40.2467 0.770518
3184 65 51 0.12069 0.092169 86.488 0.08 40.3142 0.757463
3185 58 61 -0.0252101 0.0916407 86.488 0.08 40.6335 0.767189
3186 40 50 -0.111111 0.104757 86.488 0.08 40.9611 0.810084
3188 57 67 -0.0806452 0.0895102 86.488 0.08 41.3764 0.821554
3190 86 73 0.081761 0.0790396 86.488 0.08 41.3366 0.818006
3191 77 54 0.175573 0.0860132 86.488 0.08 41.3858 0.819008
3192 72 65 0.0510949 0.0853242 86.488 0.08 41.5535 0.797649
3193 34 45 -0.139241 0.111413 86.488 0.08 41.6918 0.783199
3194 91 83 0.045977 0.0757296 86.488 0.08 41.5808 0.801521
3195 90 102 -0.0625 0.0720277 86.488 0.08 41.3128 0.795326
3196 92 74 0.108434 0.0771574 86.488 0.08 41.1289 0.832782
3197 80 56 0.176471 0.0844035 86.488 0.08 41.1317 0.831326
3198 98 86 0.0652174 0.073564 86.488 0.08 41.0041 0.760718
3199 105 82 0.122995 0.072572 86.488 0.08 40.8448 0.781324
3200 105 91 0.0714286 0.0712461 86.488 0.08 40.5267 0.729116
3201 101 97 0.020202 0.0710524 86.488 0.08 40.2515 0.743851
3202 100 69 0.183432 0.0756179 86.488 0.08 40.2072 0.766423
3203 19 13 0.1875 0.173641 86.488 0.08 40.3327 0.657397
3204 97 78 0.108571 0.075146 86.488 0.08 40.624 0.761527
3205 92 92 0 0.073721 86.488 0.08 40.5811 0.756413
3212 16 8 0.333333 0.19245 86.488 0.08 40.4303 0.770943
3213 61 55 0.0517241 0.0927234 86.488 0.08 40.4294 0.778648
3214 32 29 0.0491803 0.127882 86.488 0.08 40.2826 0.751964
3215 94 81 0.0742857 0.075384 86.488 0.08 40.131 0.747367
3217 99 108 -0.0434783 0.0694391 86.488 0.08 39.8848 0.744613
3218 14 11 0.12 0.198555 86.488 0.08 39.7644 0.738724
3219 109 93 0.0792079 0.0701387 86.488 0.08 39.842 0.735724
3220 99 116 -0.0790698 0.0679859 86.488 0.08 40.0151 0.715643
3221 36 35 0.0140845 0.118666 86.488 0.08 40.1484 0.711522
3222 144 129 0.0549451 0.0604313 86.488 0.08 40.4198 0.749364
3223 102 97 0.0251256 0.0708657 86.488 0.08 40.851 0.752568
3224 24 21 0.0666667 0.14874 86.488 0.08 41.0292 0.773491
3225 105 95 0.05 0.0706222 86.488 0.08 40.9335 0.778476
3226 107 114 -0.0316742 0.0672335 86.488 0.08 40.8178 0.773464
3227 11 13 -0.0833333 0.203414 86.488 0.08 40.699 0.767338
3228 87 85 0.0116279 0.0762441 86.488 0.08 40.5802 0.803377
3229 100 87 0.0695187 0.0729503 86.488 0.08 40.6906 0.777115
3230 105 86 0.0994764 0.0719986 86.488 0.08 41.1519 0.792222
3231 35 34 0.0144928 0.120373 86.488 0.08 41.59 0.701346
3239 16 11 0.185185 0.189121 86.488 0.08 44.0259 1.02284
3240 54 57 -0.027027 0.0948811 86.488 0.08 43.566 0.747837
3241 63 46 0.155963 0.0946105 86.488 0.08 43.073 0.781754
3242 49 52 -0.029703 0.0994598 86.488 0.08 42.6454 0.763522
3243 41 32 0.123288 0.116148 86.488 0.08 42.1135 0.788532
3244 60 47 0.121495 0.0959575 86.488 0.08 41.6733 0.726212
3245 69 55 0.112903 0.0892285 86.488 0.08 41.4794 0.770058
3246 43 48 -0.0549451 0.10467 86.488 0.08 41.5142 0.824289
3247 78 52 0.2 0.0859338 86.488 0.08 41.5456 0.744454
3248 52 48 0.04 0.09992 86.488 0.08 41.5728 0.765552
3249 12 13 -0.04 0.19984 86.488 0.08 41.6494 0.817803
3250 7 6 0.0769231 0.276528 86.488 0.08 37.0022 0.722767
