Q2_avg = 6.75416
tau_avg = 1.91913
epsilon_avg = 0.61509
Px_avg = 0.993321
Pz_avg = -0.0366274
total_good_events = 29482
