Q2_avg = 6.8005
tau_avg = 1.9323
epsilon_avg = 0.614016
Px_avg = 0.993265
Pz_avg = -0.0402195
