Aphys = 0.193267
err_Aphys_stat = 0.0319732
err_Aphys_sys = 0.00466174

err_Aacc_sys = 0.00202429
err_Aacc_sys_% = 18.856

err_Api_sys = 0.000432205
err_Api_sys_% = 0.859574

err_Ain_sys = 0.000827921
err_Ain_sys_% = 3.15415

err_Ap_sys = 0
err_Ap_sys_% = 0

err_Afsi_sys = 7.89431e-05
err_Afsi_sys_% = 0.0286769

err_fN2_sys = 0.000218292
err_fN2_sys_% = 0.219271

err_facc_sys = 0.000288622
err_facc_sys_% = 0.383322

err_fpi_sys = 0.00037077
err_fpi_sys_% = 0.632576

err_fin_sys = 0.00128677
err_fin_sys_% = 7.61915

err_fp_sys = 0.000464114
err_fp_sys_% = 0.99118

err_ffsi_sys = 0.000955468
err_ffsi_sys_% = 4.20084

err_Ptar_sys = 0.00355779
err_Ptar_sys_% = 58.2457

err_Pn_sys = 0.0010066
err_Pn_sys_% = 4.66248

err_Pbeam_sys = 0.000178769
err_Pbeam_sys_% = 0.147058
