Aphys = 0.186909
err_Aphys_stat = 0.0266489
err_Aphys_sys = 0.00808564

err_Aacc_sys = 0.00247169
err_Aacc_sys_% = 9.34453

err_Api_sys = 0
err_Api_sys_% = 0

err_Ain_sys = 0.0069871
err_Ain_sys_% = 74.6733

err_Ap_sys = 0
err_Ap_sys_% = 0

err_Afsi_sys = 0
err_Afsi_sys_% = 0

err_fN2_sys_% = 9.853e-05
err_fN2_sys_% = 0.0148494

err_facc_sys = 0.000288327
err_facc_sys_% = 0.127157

err_fpi_sys = 0
err_fpi_sys_% = 0

err_fin_sys = 0.00132103
err_fin_sys_% = 2.66928

err_fp_sys = 0.000328916
err_fp_sys_% = 0.165478

err_ffsi_sys = 0
err_ffsi_sys_% = 0

err_Ptar_sys = 0.00274318
err_Ptar_sys_% = 11.5101

err_Pn_sys = 0.000973483
err_Pn_sys_% = 1.44953

err_Pbeam_sys = 0.000172887
err_Pbeam_sys_% = 0.0457191
