Aphys = 0.208845
err_Aphys_stat = 0.0331083
err_Aphys_sys = 0.00597944

err_Aacc_sys = 0.00358654
err_Aacc_sys_% = 35.9776

err_Api_sys = 0.000352026
err_Api_sys_% = 0.3466

err_Ain_sys = 0.000919978
err_Ain_sys_% = 2.3672

err_Ap_sys = 0
err_Ap_sys_% = 0

err_Afsi_sys = 0
err_Afsi_sys_% = 0

err_fN2_sys_% = 0.000285411
err_fN2_sys_% = 0.227836

err_facc_sys = 0.000377329
err_facc_sys_% = 0.398218

err_fpi_sys = 0.000509168
err_fpi_sys_% = 0.725105

err_fin_sys = 0.00207852
err_fin_sys_% = 12.0834

err_fp_sys = 0.000410574
err_fp_sys_% = 0.471479

err_ffsi_sys = 0
err_ffsi_sys_% = 0

err_Ptar_sys = 0.00396582
err_Ptar_sys_% = 43.989

err_Pn_sys = 0.00108774
err_Pn_sys_% = 3.30923

err_Pbeam_sys = 0.000193179
err_Pbeam_sys_% = 0.104375
