Np = 14293
Nm = 13223
A_raw = 0.0388865
err_A_raw = 0.00602391
Np_p = 39114
Np_m = 38817
A_raw_p = 0.00381106
err_Araw_p = 0.00358213
Np_verify = 14293
Nm_verify = 13223
A_raw_verify = 0.0393293
err_A_raw_verify = 0.0059914
