Np = 13166
Nm = 12121
A_raw = 0.0413256
err_A_raw = 0.00628319
Np_p = 31809
Np_m = 31651
A_raw_p = 0.00248976
err_Araw_p = 0.00396962
Np_verify = 13166
Nm_verify = 12121
A_raw_verify = 0.0414419
err_A_raw_verify = 0.00624414
