total_good_events = 29482
Np = 15249
Nm = 14233
A_raw = 0.0344617
err_A_raw = 0.00582054
Np_p = 28001
Np_m = 27833
A_raw_p = 0.00300892
err_Araw_p = 0.00423203
Np_verify = 15249
Nm_verify = 14233
A_raw_verify = 0.0352868
err_A_raw_verify = 0.00578673
