Np = 14294
Nm = 13224
A_raw = 0.0388836
err_A_raw = 0.0060237
Np_p = 39119
Np_m = 38820
A_raw_p = 0.00383633
err_Araw_p = 0.00358195
Np_verify = 14294
Nm_verify = 13224
A_raw_verify = 0.0393473
err_A_raw_verify = 0.0059913
