Np = 14293
Nm = 13223
A_raw = 0.0388865
err_A_raw = 0.00602391
