lambda = -0.379419
sigma_lambda_stat = 0.0750542
sigma_lambda_sys  = 0.013555
sigma_lambda      = 0.0762684
