lambda = -0.333199
sigma_lambda_stat = 0.0590247
sigma_lambda_sys  = 0.0179089
sigma_lambda      = 0.0616818
