lambda = -0.361933
sigma_lambda_stat = 0.0655611
sigma_lambda_sys  = 0.0222829
sigma_lambda      = 0.0692444
