lambda = -0.323539
sigma_lambda_stat = 0.0642518
sigma_lambda_sys  = 0.0193445
sigma_lambda      = 0.0671007
