lambda = -0.663187
sigma_lambda_stat = 0.0825418
sigma_lambda_sys  = 0.029384
sigma_lambda      = 0.087616
