lambda = -0.363232
sigma_lambda_stat = 0.0749211
sigma_lambda_sys  = 0.0111621
sigma_lambda      = 0.075748
