Q2 = 6.75416
tau = 1.91913
epsilon  = 0.61509
Px      = 0.993321
Pz      = -0.0366274
Aacc      = -0.00736196+-0.0247682
Api      = -0.00279434+-0.00281352
Ain      = 0.00496137+-0.00054387
Ap       = 0+-0
Afsi     = 0.0003+-0.0005
facc     = 0.0148565+-0.000704579
fpi      = 0.027924+-0.000964265
fin      = 0.340535+-0.0044374
fp       = 0.0626126+-0.00137611
fN2      = 0.0249765+-0.000591357
ffsi     = 0.0287+-0.0026
lambda = -0.363232+-0.0749211(stat) +-0.0111621(sys)
mu_n*G_E/G_M = 0.694879+--0.143327(stat) +--0.0213535(sys)
