Q2 = 6.75416
tau = 1.91913
epsilon  = 0.61509
Px      = 0.993321
Pz      = -0.0366274
Aacc      = -0.00736196+-0.0247682
Api      = -0.00279434+-0.00281352
Ain      = 0.00391251+-0.00047297
Ap       = 0+-0
Afsi     = 0.0003+-0.0005
facc     = 0.0148565+-0.000704579
fpi      = 0.027924+-0.000964265
fin      = 0.318195+-0.00370172
fp       = 0.061785+-0.00125729
fN2      = 0.0249765+-0.000591357
ffsi     = 0.0287+-0.0026
lambda = -0.348412+-0.0710675(stat) +-0.0103618(sys)
mu_n*G_E/G_M = 0.666526+--0.135955(stat) +--0.0198225(sys)
