#run A_phys dA_stat
5044 8.92097 0
5045 -0.0216543 6.32683
5046 -0.0216637 6.32957
5047 -3.88659 3.07952
5048 -1.24011 1.65294
5049 -0.0222745 4.60187
5053 -1.56063 2.62713
5054 -1.33851 3.44664
5086 -1.85545 4.01649
5090 -0.567686 2.24425
5091 1.26999 1.41603
5093 -4.44585 1.84758
5094 1.0586 3.22643
5095 0.4632 1.53735
5099 -4.43046 2.60383
5100 2.20743 2.60876
5101 1.35413 3.60706
5102 1.04158 3.17452
5103 0.921793 2.10173
5104 -1.86216 2.85036
5105 -2.27932 3.09117
5106 1.25232 3.33585
5107 0.307278 1.84865
5108 1.75796 1.70499
5109 3.31351 5.45052
5110 1.54756 2.2549
5112 -0.0239438 2.64415
5113 -0.0238608 2.20458
5114 -0.0238374 2.32155
5115 -1.30537 2.03125
5116 -0.971871 1.75145
5121 1.31741 1.82088
5122 -1.29035 2.51182
5124 -1.46314 2.17521
5126 -0.69082 2.57606
5127 3.50976 1.74655
5129 3.75625 2.51614
5135 4.84307 2.98019
5140 4.6697 4.06375
5142 -9.36817 0
5143 3.10017 3.60595
5145 3.09986 2.28037
5146 -0.653981 2.43869
5147 -3.11672 2.06283
5148 -1.19256 2.32147
5152 -1.6485 1.72469
5153 0.356422 1.89536
5154 -0.0230274 1.79813
5155 -9.56563 0
5156 -4.80529 2.92845
5164 1.34791 2.07298
5165 -1.6471 2.7727
5167 0.861214 2.06637
5176 0.373169 1.98442
5183 -2.228 2.06295
5185 0.821603 2.06549
5186 0.746212 1.95845
5187 -338.668 -0
5188 68.7195 -148.757
5301 7.9954 1.90203
5302 0.639852 2.56576
5303 -0.644758 2.54894
5315 -124.253 -72.4056
5316 54.4253 -76.9072
5317 -187.784 -94.0928
5318 -5.37198 2.27972
5320 1.35298 2.73773
5321 8.11685 2.53907
5322 -1.55041 2.82298
5323 0.669731 2.68557
5324 7.8194 1.60315
5364 -168.923 -147.003
5378 -2.28511 2.19133
5379 -0.0223623 2.31001
5380 2.12815 2.51506
5385 9.28969 0
5386 -4.99656 2.15896
5387 -36.8994 -112.462
5388 0.821616 -107.356
5406 -4.9945 1.90892
5407 -8.75053 0
5408 1.89884 1.79777
5409 -3.492 2.30988
5411 -0.0218618 3.68779
5412 -3.01567 2.18646
5414 -0.0216382 4.47042
5416 2.94746 2.16826
5449 9.20843 0
5453 9.15301 0
5460 9.11455 0
5461 5.49602 3.29047
5462 -0.955686 2.07602
5463 -1.88406 2.88388
5464 -1.34766 2.45382
5465 4.60671 4.00894
5466 2.50435 2.68756
5467 3.69513 2.69368
5468 3.10058 2.08217
5469 4.35159 2.14052
5470 -4.20056 1.98477
5471 -0.471139 2.05227
5472 1.55505 1.90557
5476 1.70227 1.9893
5477 2.34416 1.87134
5478 1.02643 3.12836
5479 -3.17542 3.64023
5480 -0.972317 2.11215
5481 3.16049 2.1224
5482 1.89158 4.19501
5483 -0.914853 2.08123
5484 0.387294 2.05953
5485 -2.17422 2.35326
5486 -41.6145 -84.2066
5494 -0.0234565 2.42304
5495 -1.62906 2.74233
5496 -3.22805 3.70056
5497 -9.56348 0
5499 1.33746 3.56266
5501 -6.78873 2.50556
5502 2.08924 2.18436
5503 -2.52831 2.2474
5504 0.41632 1.78709
5505 0.923972 1.42099
5506 -1.65709 1.97247
5507 0.311463 1.80281
5508 -1.4001 1.80262
5511 -0.441651 2.0045
5512 -0.0230545 1.86821
5513 -1.05166 1.77166
5514 -4.15637 1.96389
5515 -0.322789 1.67092
5517 -2.35412 3.19261
5518 5.00371 2.18157
5519 15.582 -70.7214
5523 125.897 -72.4056
5524 0.430522 2.07618
5525 3.15951 1.96436
5526 -3.96442 2.11552
5527 -0.376165 1.83347
5529 -0.433795 1.96884
5531 3.56878 2.39056
5532 0.821616 -120.027
5533 -338.668 -0
5537 -0.0255872 2.64313
5538 4.71223 2.79907
5539 -2.54681 2.44229
5541 -0.024148 2.35181
5543 -3.32268 2.19915
5544 2.32742 2.09305
5545 1.62758 2.82058
5548 -1.40627 2.56052
5549 -9.65199 0
5550 1.35584 2.55379
5571 -2.84783 3.26469
5572 -0.536253 2.11998
5573 0.329074 1.74993
5574 -1.09538 1.77661
5575 -1.31177 1.95018
5576 -67.0762 -56.2248
5577 15.582 -70.7214
5578 113.985 -65.3347
5579 -72.9803 -69.0956
5580 -84.0507 -116.216
5581 -202.872 -121.459
5582 -30.041 -101.936
5583 -3.93242 3.11584
5584 -0.501746 2.08802
5586 -2.6402 2.34685
5589 3.07085 5.05136
5592 2.5122 2.69598
5593 -0.0225082 3.79684
5596 -3.74675 2.69845
5597 2.52021 1.91243
5598 1.86399 2.06691
5599 -2.24057 1.8335
5600 0.795732 2.00045
5601 -7.15022 2.63898
5602 0.570733 1.73236
5603 4.84676 2.38409
5604 -1.56328 2.84642
5605 -1.50248 2.7357
5606 -0.0246735 1.92668
5608 -1.78379 1.86623
5609 -0.375272 1.88724
5611 1.6126 1.79921
5612 1.41608 1.68692
5613 0.503504 2.29732
5614 1.08133 1.90276
5615 -9.91596 0
5616 -0.0237979 2.00719
5617 4.14825 3.32418
5619 -6.05284 1.88271
5620 -0.698442 1.78278
5621 1.46311 2.13185
5622 9.31547 0
5623 0.667446 2.47732
5624 -0.0218724 2.60893
5625 0.261817 1.63382
5626 2.44824 2.0782
5627 -9.48393 0
5628 -0.022994 3.00449
5629 0.391722 1.98748
5630 -0.023145 1.44175
5632 -3.46537 1.78413
5633 -1.9386 4.19649
5634 1.33473 2.05271
5654 -3.32584 3.81267
5655 10.0621 0
5659 1.97779 3.10152
5660 4.99416 4.34611
5661 -0.0244798 2.52875
5663 0.284087 1.7728
5664 2.03674 2.60784
5665 2.37558 1.98519
5666 2.07015 2.05317
5667 0.527669 2.40758
5670 -5.25853 4.53209
5671 -4.68522 2.21377
5672 -0.442008 2.08228
5673 -1.19155 2.45846
5674 -0.0255548 2.25122
5675 1.48968 3.96812
5676 7.22849 1.77385
5678 1.48716 3.96142
5679 -1.18875 3.46863
5683 -7.33644 2.11348
5685 -0.984604 3.16771
5686 3.50267 5.76167
5688 -0.0256902 5.30755
5690 3.90616 2.1477
5691 -0.026063 2.40805
5692 -0.598105 2.48902
5693 -0.807961 2.06233
5694 -0.0266886 2.59924
5696 1.8659 2.00772
5697 4.33512 2.23461
5698 0.445944 2.26259
5699 -1.23116 3.59237
5700 -0.0263088 5.43536
5702 -1.00579 2.28811
5703 -2.10661 4.56017
5704 3.41735 2.81067
5705 -0.516378 2.24934
5706 1.00699 2.29597
5707 -1.9749 1.80562
5708 -1.77175 2.98253
5709 -2.74996 1.95329
5710 2.07395 2.29973
5711 -0.025363 2.61998
5712 -10.1012 0
5713 0.644871 2.58588
5714 0.613223 1.8008
5715 10.3011 0
5717 -0.407836 1.98783
5718 -0.881905 2.09195
5721 6.11078 2.11225
5722 2.67246 2.26853
5723 2.3247 1.82081
5724 -5.54484 1.3874
5725 0.784878 1.38111
5726 1.67694 1.79962
5727 3.57504 1.96024
5728 -6.00705 2.98384
5730 -1.10066 2.39095
5732 0.482811 2.32834
5733 0.601315 1.82518
5734 2.33932 2.44583
5735 -0.988938 3.18165
5736 -7.57183 2.79459
5737 2.07719 4.60664
5739 -1.74513 2.93772
5740 1.1173 1.96606
5741 -1.36247 2.12011
5742 -4.40569 3.49083
5743 3.15695 1.80981
5744 -0.0249584 2.10508
5745 0.621495 1.82509
5748 -0.57228 2.38155
5751 2.05491 4.55723
5752 2.81862 1.74638
5753 -6.27357 3.72581
5754 -0.0252377 5.21407
5755 3.45585 4.01966
5756 -0.79187 1.63165
5757 -10.58 0
5761 -3.32023 1.77043
5762 2.74967 2.33408
5763 5.23375 2.03688
5764 7.4655 1.60162
5765 -3.1982 2.07073
5768 -0.410634 2.00147
5770 1.7968 2.4645
5771 -338.668 -0
5773 -122.629 -47.6762
5778 29.1124 -48.8308
5779 -1.95883 1.97466
5781 0.927602 1.81725
5783 3.90751 2.43059
5784 -1.96497 1.98085
5785 1.82835 1.44786
5805 6.46238 1.74623
5806 -0.0202724 5.92308
5809 -0.740084 1.75554
5810 -0.0205086 3.45953
5811 -8.44796 0
5815 0.313413 1.66665
5816 1.19435 1.83681
5818 -3.54824 1.52166
5819 2.06177 1.85414
5820 -8.81785 0
5821 -0.0204472 5.97414
5828 0.21293 1.18296
5829 -1.86591 1.47954
5830 -4.80967 2.38908
5831 -4.29841 3.70461
5832 -0.0205429 2.45035
5837 -0.797771 1.81488
5838 -2.87937 3.30084
5839 0.432514 1.97342
5840 -0.366038 1.72439
5841 0.994996 1.47063
5842 8.60283 0
5844 -0.0207981 4.29685
5852 -8.50322 0
5854 -0.0205696 2.68771
5856 -1.89269 1.93623
5858 -0.464983 1.93503
5859 4.70977 1.3625
5860 1.1303 1.56227
5861 -1.15158 1.79194
5862 1.02238 1.72648
5863 1.43266 1.43344
5864 0.559967 1.58776
5865 2.1256 1.69686
5866 0.885176 1.90767
5868 -1.27734 1.38301
5869 1.27268 1.95728
5870 0.795924 1.90972
5871 2.29583 1.66145
5872 2.93351 2.41272
5873 -1.58115 2.11004
5874 2.91542 3.39106
5875 1.73297 1.71876
5877 1.16423 1.42895
5879 0.563796 2.26078
5880 -0.0212634 2.07087
5881 -0.605987 2.25972
5882 1.4877 1.60077
5883 -0.894854 1.94388
5884 -1.04977 1.48904
5885 -0.403021 1.82917
5886 -1.62231 1.84604
5887 -0.754527 1.7898
5888 -2.04166 1.67072
5889 0.358134 1.81707
5890 -0.642388 1.6397
5891 0.64905 1.70345
5892 -3.60878 1.92574
5893 -0.181478 1.09756
5894 -0.0145563 1.0315
5895 -0.292507 1.55534
5896 -0.537751 2.1259
5897 8.57402 0
5898 -0.859113 1.54824
5899 2.59294 1.31426
5900 -0.0211774 4.37521
5901 -0.0210104 1.44691
5902 -1.4619 2.46094
5903 -0.0209358 2.03896
5904 -0.0210451 1.85395
5912 -0.0208159 2.15027
5914 -0.741864 1.75976
5915 -0.021129 1.71218
5917 -1.77707 2.22096
5918 -1.28036 2.33128
5919 0.568946 1.61322
5923 -0.0228712 2.22746
5924 1.89236 4.19674
5925 2.3569 2.30436
5926 -1.36842 1.76184
5927 -0.0225659 2.69165
5931 3.45327 1.64539
5932 -1.13956 3.32508
5933 -91.7663 -69.6357
5934 26.9362 -93.8783
5935 23.4542 -87.4606
5936 -30.041 -101.936
5937 54.4253 -76.9072
5938 -5.22406 2.59945
5939 4.36872 3.50085
5941 1.74009 2.38672
5942 -3.27411 2.37384
5943 -2.42287 1.64292
5944 -5.68935 1.95078
5945 0.75467 1.89722
5947 2.0371 2.12985
5948 4.16629 1.74994
5949 6.51614 2.42131
5950 1.49506 2.59092
5951 -0.0217688 1.83606
5952 0.580877 2.32928
5965 2.60723 3.03259
5966 -0.247243 1.34794
5967 0.873556 2.66243
5968 -0.559145 2.08505
5971 6.11087 1.91157
5974 0.494431 1.45195
5975 0.617259 2.29104
5976 -0.257427 1.40346
5979 -8.34619 0
5980 -2.10319 2.8523
5985 0.735774 1.44144
5986 -0.711834 1.68853
5987 -0.712012 1.68895
5988 3.71027 1.38133
5989 3.05028 1.77747
5990 0.378415 1.29039
5991 -3.79298 1.39696
5994 1.66889 1.6552
5995 1.92492 2.27488
5996 -3.2544 2.15271
5997 -1.30931 1.62364
5998 1.76925 1.54149
5999 3.64702 1.49688
6001 -1.86806 1.91102
6002 -8.324 0
6003 1.89788 1.58599
6004 -3.08907 1.77658
6005 -1.80908 1.54099
6006 -0.0202428 1.64036
6007 0.398161 1.81668
6008 1.60411 1.3405
6009 -1.06939 1.80018
6010 -0.0138023 1.2159
6012 0.430742 1.96533
6013 0.548313 1.55471
6014 2.24112 1.49237
6016 1.12081 1.37566
6017 1.85405 1.3707
6018 -0.0203971 1.65287
6019 -1.07189 2.08656
6020 -0.274746 1.4609
6024 -3.74046 1.76737
6025 -1.44797 1.28681
6026 -1.69242 1.6384
6027 1.75302 1.42211
6028 0.249364 1.50023
6029 0.249277 1.49971
6030 -3.81642 2.24295
6031 -0.5768 2.15088
6032 4.98767 2.98612
6033 -1.28422 1.4355
6034 3.10527 1.93158
6035 -2.46962 1.93053
6036 0.96105 1.42045
6037 -0.0202697 1.48057
6038 -3.52293 1.55986
6039 0.795651 1.50743
6040 0.542754 1.53895
6041 -1.22698 1.41296
6042 0.292293 1.62387
6043 0.70311 1.42159
6044 -1.22517 1.82143
6048 -1.31495 1.63063
6050 0.792819 1.50206
6051 0.53918 1.52882
6052 -0.887566 1.54846
6053 2.77144 2.63205
6060 -0.886791 1.54711
6061 0.269305 1.55879
6062 2.78494 1.8702
6063 -1.14302 1.52352
6064 2.45357 1.94982
6065 4.64772 1.64674
6066 -0.544946 1.48098
6068 -0.020307 2.24253
6069 0.625238 2.32066
6070 0.792009 1.50053
6071 0.379496 1.83011
6072 2.49901 1.79131
6073 0.473248 1.43646
6074 1.65472 1.83486
6075 0.815333 1.85899
6076 -4.19313 2.08647
6077 -1.0223 1.65808
6078 0.909698 1.96052
6079 -0.0202784 2.64966
6081 0.912377 1.60547
6082 -17.0462 -77.7763
6083 -17.0462 -54.9962
