#run A_phys dA_stat
5045 -0.0079347 4.8305
5046 -0.00793813 4.83258
5047 -3.44659 2.97792
5048 -0.845242 1.38515
5049 7.02053 0
5053 -7.05129 0
5054 -7.04498 0
5086 -0.00812909 3.49935
5090 -0.00821291 2.88667
5091 0.899039 1.80071
5093 -2.48413 4.04249
5094 -7.44429 0
5095 -0.684348 2.23181
5099 7.38827 0
5100 -0.00857479 3.69121
5101 -7.37118 0
5102 -0.00847664 5.16042
5103 -0.00837163 2.94246
5104 -7.03464 0
5105 2.28903 3.75104
5106 -0.00789925 4.80891
5107 -1.97314 2.68935
5108 3.31071 2.64521
5109 7.63689 0
5110 -1.52829 3.32898
5112 -2.52666 4.11169
5113 -2.51782 2.89723
5114 -2.51496 2.89394
5115 -1.08057 1.98469
5116 -2.50279 2.35146
5121 2.55886 2.96505
5122 -0.00898439 2.73476
5124 2.55546 4.18765
5126 -0.00886406 3.11554
5127 -0.00878753 2.67484
5129 7.49138 0
5135 2.46961 4.04695
5140 7.15277 0
5142 -7.1446 0
5143 7.13794 0
5145 2.37127 3.88581
5146 2.4018 3.93584
5147 2.35451 2.72826
5148 3.55919 3.08953
5152 -1.87491 1.33818
5153 -0.00841144 1.70691
5154 -0.668902 1.54251
5155 -0.0084633 5.1523
5156 -1.05153 2.73135
5164 -0.00850709 3.66207
5165 1.47579 3.25219
5167 3.17485 2.53666
5176 -0.956941 1.88139
5183 -3.4505 1.63497
5185 1.71365 1.78147
5186 -0.34158 1.59402
5187 -86.0981 -141.089
5188 0.301062 -129.599
5301 4.58757 1.93804
5302 0.941705 1.88616
5303 -1.86141 2.16586
5315 23.8645 -77.8275
5316 0.301062 -64.7994
5317 -110.784 -88.5145
5318 -4.31893 1.86581
5320 -0.775562 2.52928
5321 6.20641 1.93819
5322 2.70347 2.2151
5323 -0.00924134 2.29678
5324 6.25288 1.05016
5364 0.301062 -129.599
5378 -1.39088 1.74918
5379 -0.00821643 2.04206
5380 0.46612 1.83319
5385 7.10156 0
5386 -4.23754 1.78325
5387 -86.0981 -81.4581
5388 0.301062 -81.9656
5406 -4.44621 2.02587
5407 -6.66758 0
5408 -1.35568 2.95299
5409 -6.91265 0
5412 -2.94758 2.34234
5414 6.82315 0
5416 6.79193 0
5449 7.03945 0
5453 6.99708 0
5454 -7.0862 0
5460 6.97141 0
5461 -1.41289 3.07762
5462 0.783352 1.6689
5463 -2.37778 2.23401
5464 -0.00822602 2.04444
5465 7.05962 0
5466 0.777968 2.34395
5467 3.53995 2.17282
5468 -0.00830627 1.52465
5469 2.09619 1.65865
5470 -2.40056 1.74704
5471 -1.27676 1.7159
5472 -0.00839561 1.47544
5476 0.336513 1.57886
5477 1.4375 1.5839
5478 7.19887 0
5479 -1.45292 3.16481
5480 -1.91563 1.60406
5481 2.42273 1.6208
5482 2.42792 3.97864
5483 -1.07846 1.61733
5484 -0.00914214 1.75999
5485 -1.6496 2.07454
5486 -36.7272 -68.563
5494 -1.24148 2.10555
5495 -0.00854262 1.73353
5496 -1.47631 3.21575
5497 -7.29255 0
5499 -1.46258 3.18585
5501 -3.62533 2.21491
5502 -0.00842967 1.71061
5503 -1.1144 1.89002
5504 -0.00650553 1.61684
5505 -0.00585617 1.26046
5506 -0.00868729 1.67242
5507 2.27426 1.38446
5508 -0.441377 1.78152
5511 -0.743246 1.63463
5512 -0.00846825 1.63025
5513 -2.57965 1.40443
5514 -1.64721 1.91662
5515 -0.00825378 1.58896
5517 -3.56864 3.08337
5518 1.77351 2.43982
5519 37.3293 -68.563
5523 173.1 -78.8713
5524 1.0302 2.71982
5525 -1.0496 2.72632
5526 -2.00174 2.12008
5527 0.374722 1.66792
5529 -1.45163 1.82558
5531 -2.38384 2.74306
5532 0.301062 -129.599
5533 -258.897 -0
5537 -1.16426 3.02417
5538 3.9701 3.44622
5539 0.691867 2.31474
5541 3.79819 3.29699
5543 0.831236 2.50445
5544 4.05144 1.76225
5545 -4.5486 2.70702
5548 -2.46856 2.84055
5549 -7.35998 0
5550 -1.48628 3.23746
5571 -3.25109 2.809
5572 0.944315 1.76287
5573 -0.615301 1.4189
5574 -0.898466 1.41145
5575 -1.22453 1.6457
5576 -47.6985 -49.0197
5577 -25.6187 -57.6679
5578 76.5358 -60.0841
5579 37.3293 -55.9815
5580 -64.4984 -88.7304
5581 0.301062 -129.599
5582 -51.5385 -80.3096
5583 -6.97156 0
5584 0.624317 1.47696
5586 -2.33634 3.80199
5589 7.07734 0
5592 -1.42768 3.10982
5593 -0.00824837 3.5507
5596 -2.37771 2.23394
5597 0.466281 1.83383
5598 0.712373 1.60356
5599 -1.05664 1.5846
5600 -0.585964 1.46734
5601 1.07861 2.84761
5602 0.47375 1.36267
5603 3.98547 1.99738
5604 -1.9025 2.21367
5605 -0.887235 2.61786
5606 -0.814251 1.43764
5608 -0.00904678 1.66058
5609 0.328473 1.61701
5611 -0.00900148 1.51986
5612 0.953263 1.35009
5613 -0.597721 2.11676
5614 -1.52752 1.92102
5615 -7.56127 0
5616 -4.30258 1.64808
5617 7.42654 0
5619 -5.73651 1.54296
5620 -2.78379 1.84742
5621 2.3857 1.95474
5623 1.36316 3.00397
5624 -0.00801521 2.18218
5625 2.78966 1.37207
5626 1.94754 2.08033
5627 -0.00838953 5.10739
5628 0.797339 2.40232
5629 -0.0084614 1.71704
5630 -0.634346 1.22968
5632 -2.69706 1.55641
5633 -0.00848381 3.65205
5634 1.44225 1.83497
5654 -2.53082 4.11846
5655 7.69246 0
5659 5.45171 2.02221
5660 -0.00889662 5.41609
5661 2.56418 2.10097
5663 -0.564717 1.46644
5664 -2.63013 2.47111
5665 1.57927 1.74011
5666 0.990651 1.9842
5667 1.1375 2.12352
5671 -2.67625 2.51443
5672 -0.893915 2.63757
5673 -8.02709 0
5674 -0.905681 2.67228
5675 1.14756 3.02965
5676 4.23056 1.50465
5678 1.14562 3.02453
5679 2.65567 3.07723
5683 -2.02498 1.95161
5685 -0.904288 2.66817
5686 -8.09189 0
5688 -0.00941244 4.0518
5690 3.90578 1.67007
5691 -1.65471 2.08098
5692 1.83345 1.90601
5693 -1.40176 1.68106
5694 -0.45292 1.92893
5696 0.996244 1.66452
5697 1.6552 2.1059
5698 -0.316762 1.5948
5699 -0.0096172 2.3902
5700 -0.00964023 4.14986
5702 0.539247 2.1208
5703 7.93597 0
5704 3.9406 3.42061
5705 0.866092 1.84517
5706 -2.08312 1.74431
5707 -0.891009 1.51785
5708 -0.899047 2.65271
5709 -3.65639 1.5237
5710 1.59346 2.02736
5711 -1.85571 2.15923
5712 -7.70198 0
5713 -1.77883 2.06977
5714 2.17183 1.49546
5717 1.2367 1.78748
5718 -0.00912015 1.67404
5721 3.11371 2.26267
5722 2.59862 3.01112
5723 1.82623 1.51775
5724 -3.29482 1.2585
5725 0.711152 1.13727
5726 1.88686 1.37114
5727 3.52487 1.62601
5728 -5.88058 2.17421
5730 1.16263 2.17042
5732 2.13674 1.80507
5733 -1.77899 1.65669
5734 1.15146 2.14957
5735 -4.05576 2.47788
5736 -8.07301 0
5737 4.00499 3.4765
5739 -1.32216 2.24238
5740 -1.43573 1.64497
5741 0.512899 2.01717
5742 -2.61071 4.24846
5743 0.860745 1.49727
5744 1.0174 1.62701
5745 0.306767 1.57844
5748 2.25959 2.03381
5751 -2.65607 4.32229
5752 2.21935 1.52818
5753 -7.96014 0
5754 -0.00924775 3.98091
5755 2.64847 3.06889
5756 1.92056 1.44075
5761 -2.93641 1.59866
5762 2.29091 2.062
5763 1.84398 2.16728
5764 2.65945 1.77917
5765 -2.34962 1.84456
5768 0.558135 1.49727
5770 -0.00915849 2.10734
5771 0.301062 -183.281
5773 -81.1612 -41.5924
5778 90.7188 -37.0443
5779 -0.0092591 1.50649
5781 2.39165 1.70713
5783 2.09769 1.77208
5784 0.561913 1.5074
5785 1.19358 1.25362
5805 6.36119 0
5809 0.433085 1.70327
5810 6.45987 0
5811 -6.44186 0
5815 2.30967 1.2655
5816 3.43482 1.3379
5818 -2.9467 1.39625
5819 3.33116 1.66946
5820 -6.72392 0
5821 -2.16255 3.51918
5828 0.522459 1.11308
5829 -1.21676 1.39409
5830 -4.71 1.74141
5831 -0.00758846 4.61971
5832 1.75962 1.87959
5837 -0.00757784 1.45884
5838 -2.1901 2.52013
5839 -1.65225 1.59238
5840 1.42455 1.34087
5841 -0.798765 1.30899
5843 6.56607 0
5844 -2.19551 3.57281
5852 -6.48747 0
5854 -0.728569 2.1497
5856 0.298827 1.40204
5858 -0.00748857 1.86116
5859 2.33329 1.21327
5860 0.256127 1.31788
5861 -0.322847 1.44261
5862 -0.398211 1.60729
5863 1.85731 1.27889
5864 -1.03122 1.28917
5865 0.58937 1.39429
5866 0.288627 1.35419
5868 -0.00693021 1.27207
5869 -0.00803574 1.72959
5870 2.73822 1.40701
5871 1.47543 1.38876
5872 3.3771 2.07285
5873 -2.8991 1.62905
5874 -1.35322 2.94764
5875 1.48033 1.53891
5877 0.386194 1.14663
5879 2.67223 1.94186
5880 0.737744 1.57173
5881 -0.751869 2.21845
5882 -0.00776032 1.26263
5883 -0.0077482 1.57232
5884 0.734169 1.27709
5885 -0.882334 1.38611
5886 -3.74303 1.31767
5887 -0.56768 1.36664
5888 -1.83113 1.37136
5889 0.59769 1.41397
5890 -1.50733 1.16198
5891 1.57596 1.40973
5892 -2.96424 1.40457
5893 0.679052 1.13456
5894 0.842746 0.86609
5895 -0.46304 1.2436
5896 1.81918 1.94321
5897 6.55446 0
5898 -2.76307 1.2271
5899 2.48675 1.09009
5900 -0.00776026 4.7243
5901 -1.07694 1.17507
5902 -0.607726 1.98193
5903 1.31324 1.67084
5904 -1.9605 1.53908
5912 -2.19693 1.78756
5914 -1.74547 1.46158
5915 -0.00774282 1.36072
5917 -1.12485 1.90775
5918 -0.456381 1.73342
5919 1.01647 1.16327
5923 1.6589 1.94975
5924 -1.47089 3.20396
5925 1.03041 1.5706
5926 -0.386701 1.64691
5927 -0.00826695 1.9022
5931 0.966238 1.5452
5932 -1.1026 2.864
5933 -64.4984 -62.7417
5934 65.1005 -88.7304
5935 -16.9788 -66.7756
5936 -36.7272 -96.9628
5937 -10.9684 -53.9953
5938 -0.538816 2.04652
5939 7.81778 0
5941 -0.00888284 2.04392
5942 -2.13451 1.90567
5943 -3.14935 1.44493
5944 -1.67242 1.94595
5945 -1.13256 1.61306
5947 2.90572 1.56409
5948 2.58313 1.50009
5949 6.97929 0
5950 1.38254 2.15434
5951 -1.97084 1.75955
5952 -0.538966 1.90869
5965 -0.00699153 4.25631
5966 -6.12216 0
5967 6.14332 0
5968 -6.21538 0
5971 3.11391 2.703
5975 -2.11487 3.44158
5976 0.697075 2.10023
5980 -6.36768 0
5985 3.35315 1.30609
5986 -0.00736257 2.24109
5987 -2.12079 1.99256
5988 2.71508 2.16931
5989 -0.00739295 4.50069
5990 -1.0735 1.82066
5991 -1.29324 1.99191
5994 0.913722 2.4123
5995 -1.29461 2.81996
5996 -2.761 2.19407
5997 -3.84445 1.61783
5998 -0.432493 1.64269
5999 -3.82481 2.27627
6001 -0.584489 1.90615
6002 -6.34734 0
6003 3.61888 1.39184
6004 1.58274 2.17737
6005 -1.06949 1.81386
6006 -0.91959 1.68902
6007 -2.04175 2.34943
6008 1.53764 1.384
6009 -0.00556626 1.95643
6010 -1.08272 1.04349
6012 0.587858 1.96676
6013 0.493719 1.80206
6014 1.69768 1.43416
6016 1.60443 1.56073
6017 1.28051 1.41092
6018 -3.68433 1.41126
6019 -0.00746227 1.85463
6020 1.12375 1.53027
6024 -1.28571 1.98031
6025 -1.39538 1.29946
6026 -2.46262 1.63429
6027 2.12006 1.41832
6028 0.367933 1.54491
6029 -1.2831 1.61363
6030 -0.00740646 2.60322
6031 -1.28227 2.79309
6032 2.1168 3.4688
6033 -0.31071 1.38837
6034 1.26528 2.78827
6035 -1.27913 2.78626
6037 -2.74666 2.18268
6038 -0.590722 1.92648
6039 1.4783 1.73749
6040 -0.00749167 2.63317
6042 1.28191 1.99753
6043 4.09375 1.49895
6044 -4.29992 1.95922
6048 -0.00746255 2.27153
6050 0.908955 2.39972
6051 0.908014 2.39723
6052 -6.40589 0
6060 -0.00742962 4.52301
6061 3.20154 2.77908
6062 -0.00746247 3.21239
6063 -0.925722 2.40456
6064 1.27668 2.8134
6065 3.84204 2.29539
6066 0.90787 2.39685
6068 -0.00744115 4.53003
6069 -0.00744216 2.26532
6070 -0.384428 1.55166
6071 -1.28951 1.6217
6072 1.59546 1.55201
6073 -0.00744075 1.43244
6074 2.12482 3.48196
6075 6.37278 0
6077 -6.38572 0
6079 3.19129 2.77017
6081 -1.60968 2.19396
6082 65.1005 -88.7304
6083 -59.5138 -69.9482
