#run N+ N- A_raw dA_raw beamPol dBeam targetPol dTgt
3510 1 0 1 0 86.185 0.163 50.0738 1.62844
3511 1 1 0 0.707107 86.185 0.163 50.0786 1.62865
3512 2 0 1 0 86.185 0.163 50.0891 1.6291
3514 3 0 1 0 86.185 0.163 50.1022 1.62966
3515 1 0 1 0 86.185 0.163 50.1171 1.63031
3517 5 8 -0.230769 0.269864 86.185 0.163 50.1308 1.63092
3518 5 4 0.111111 0.331269 86.185 0.163 50.1538 1.63187
3519 13 4 0.529412 0.205759 86.185 0.163 50.176 1.63285
3520 4 8 -0.333333 0.272166 86.185 0.163 50.202 1.63397
3521 3 4 -0.142857 0.374088 86.185 0.163 50.2156 1.63455
3523 5 4 0.111111 0.331269 86.185 0.163 50.2288 1.63513
3524 8 7 0.0666667 0.257624 86.185 0.163 50.2613 1.6365
3525 4 8 -0.333333 0.272166 86.185 0.163 50.2848 1.63755
3526 1 4 -0.6 0.357771 86.185 0.163 50.3062 1.63848
3552 3 3 0 0.408248 86.185 0.163 52.2459 1.70127
3553 4 4 0 0.353553 86.185 0.163 50.6225 1.65083
3554 1 0 1 0 86.185 0.163 49.5437 1.61799
3555 8 7 0.0666667 0.257624 86.185 0.163 49.0916 1.60356
3556 5 8 -0.230769 0.269864 86.185 0.163 48.8232 1.59473
3557 9 4 0.384615 0.256015 86.185 0.163 48.6088 1.58771
3558 13 6 0.368421 0.213278 86.185 0.163 48.4075 1.58255
3559 4 4 0 0.353553 86.185 0.163 48.3663 1.58358
3560 7 6 0.0769231 0.276528 86.185 0.163 48.5313 1.58484
3561 9 4 0.384615 0.256015 86.185 0.163 48.5158 1.58813
3562 9 5 0.285714 0.25612 86.185 0.163 48.9451 1.59402
3578 9 4 0.384615 0.256015 86.185 0.163 48.873 1.60881
3579 11 9 0.1 0.222486 86.185 0.163 48.6939 1.60024
3580 8 10 -0.111111 0.234243 86.185 0.163 48.4948 1.59133
3581 5 8 -0.230769 0.269864 86.185 0.163 48.2679 1.58318
3582 3 1 0.5 0.433013 86.185 0.163 48.6977 1.58733
3583 2 1 0.333333 0.544331 86.185 0.163 49.0069 1.59306
3588 7 2 0.555556 0.27716 86.185 0.163 49.3708 1.60208
3589 5 12 -0.411765 0.22102 86.185 0.163 48.5205 1.59115
3590 6 7 -0.0769231 0.276528 86.185 0.163 47.6925 1.58071
3591 13 8 0.238095 0.211942 86.185 0.163 47.3769 1.57506
3592 7 6 0.0769231 0.276528 86.185 0.163 47.5013 1.57417
3593 9 10 -0.0526316 0.229098 86.185 0.163 47.6114 1.57337
3594 12 6 0.333333 0.222222 86.185 0.163 47.7593 1.57234
3595 5 12 -0.411765 0.22102 86.185 0.163 47.8673 1.57154
3596 1 3 -0.5 0.433013 86.185 0.163 47.9502 1.57097
3671 3 1 0.5 0.433013 86.185 0.163 52.711 1.76471
3672 5 1 0.666667 0.30429 86.185 0.163 52.021 1.74227
3673 7 4 0.272727 0.290081 86.185 0.163 50.5595 1.7152
3694 1 6 -0.714286 0.26452 86.185 0.163 55.3117 2.10877
3695 2 7 -0.555556 0.27716 86.185 0.163 54.6658 2.09106
3696 1 1 0 0.707107 86.185 0.163 53.9685 2.06051
3697 4 4 0 0.353553 86.185 0.163 54.0343 2.0584
3698 3 0 1 0 86.185 0.163 54.1325 2.05521
3701 3 7 -0.4 0.289828 86.185 0.163 54.016 2.04462
3702 12 16 -0.142857 0.187044 86.185 0.163 53.7952 2.02462
3703 6 14 -0.4 0.204939 86.185 0.163 52.7813 2.00308
3704 9 9 0 0.235702 86.185 0.163 52.1601 1.98966
3705 7 11 -0.222222 0.229809 86.185 0.163 51.9235 1.98445
3706 1 0 1 0 86.185 0.163 51.8015 1.98272
3708 3 1 0.5 0.433013 86.185 0.163 52.1636 1.98643
3709 15 8 0.304348 0.198623 86.185 0.163 52.5457 1.99037
3710 14 8 0.272727 0.205119 86.185 0.163 52.9444 1.99539
3711 4 11 -0.466667 0.22836 86.185 0.163 52.741 1.98561
3712 7 7 0 0.267261 86.185 0.163 51.6942 1.96176
3713 9 9 0 0.235702 86.185 0.163 51.3467 1.95101
3714 13 6 0.368421 0.213278 86.185 0.163 51.5718 1.953
3715 15 15 0 0.182574 86.185 0.163 51.7132 1.95871
3716 10 10 0 0.223607 86.185 0.163 51.7152 1.96472
3717 16 10 0.230769 0.190823 86.185 0.163 51.9614 1.97171
3718 1 5 -0.666667 0.30429 86.185 0.163 52.7173 1.98165
3719 5 10 -0.333333 0.243432 86.185 0.163 52.7945 1.99842
3720 1 0 1 0 86.185 0.163 52.9389 2.01116
3721 1 0 1 0 86.185 0.163 53.1223 2.02093
3722 6 2 0.5 0.306186 86.185 0.163 54.1978 2.09392
3723 5 3 0.25 0.342327 86.185 0.163 54.2985 2.09353
3729 7 8 -0.0666667 0.257624 86.185 0.163 52.7995 2.02413
3730 2 1 0.333333 0.544331 86.185 0.163 54.1405 2.05206
3731 2 4 -0.333333 0.3849 86.185 0.163 53.416 2.09789
3732 14 7 0.333333 0.205738 86.185 0.163 52.0487 2.15991
3733 3 3 0 0.408248 86.185 0.163 52.1005 2.15943
3734 10 8 0.111111 0.234243 86.185 0.163 52.2145 2.09404
3737 9 2 0.636364 0.232583 86.185 0.163 52.3824 2.01581
3738 5 7 -0.166667 0.284638 86.185 0.163 52.3931 1.96713
3739 11 5 0.375 0.231756 86.185 0.163 52.2924 1.96558
3740 11 13 -0.0833333 0.203414 86.185 0.163 52.3051 1.96413
3741 7 9 -0.125 0.248039 86.185 0.163 52.3681 1.97286
3742 2 2 0 0.5 86.185 0.163 52.6889 1.98673
3747 1 0 1 0 86.185 0.163 53.0384 2.00186
3748 7 7 0 0.267261 86.185 0.163 54.1503 2.0539
3749 9 2 0.636364 0.232583 86.185 0.163 53.7407 2.03561
3750 3 4 -0.142857 0.374088 86.185 0.163 53.7538 2.01903
3752 13 7 0.3 0.213307 86.185 0.163 53.3293 2.00692
3753 2 4 -0.333333 0.3849 86.185 0.163 52.9786 1.99866
3754 5 3 0.25 0.342327 86.185 0.163 52.806 1.9885
3755 9 5 0.285714 0.25612 86.185 0.163 52.3088 1.98104
3756 12 6 0.333333 0.222222 86.185 0.163 51.9066 1.96923
3758 7 8 -0.0666667 0.257624 86.185 0.163 51.5144 1.9606
3759 6 7 -0.0769231 0.276528 86.185 0.163 51.4373 1.95346
3761 3 2 0.2 0.438178 86.185 0.163 51.4157 1.94923
3762 13 11 0.0833333 0.203414 86.185 0.163 51.473 1.94435
3763 12 12 0 0.204124 86.185 0.163 51.4104 1.9408
3764 9 3 0.5 0.25 86.185 0.163 51.4762 1.94052
3765 9 13 -0.181818 0.209647 86.185 0.163 51.5979 1.94047
3766 10 15 -0.2 0.195959 86.185 0.163 51.6955 1.94103
3767 6 7 -0.0769231 0.276528 86.185 0.163 48.512 1.82961
3782 2 0 1 0 86.185 0.163 57.0055 2.03917
3784 1 6 -0.714286 0.26452 86.185 0.163 56.4649 2.03769
3786 1 1 0 0.707107 86.185 0.163 56.7218 2.02868
3787 5 3 0.25 0.342327 86.185 0.163 56.4015 2.01897
3788 6 5 0.0909091 0.300263 86.185 0.163 55.8672 2.00206
3789 7 4 0.272727 0.290081 86.185 0.163 54.4636 1.95922
3790 1 1 0 0.707107 86.185 0.163 54.0338 1.9445
3791 6 3 0.333333 0.31427 86.185 0.163 53.901 1.94606
3792 0 1 -1 0 86.185 0.163 54.0759 1.95889
3795 1 0 1 0 86.185 0.163 54.2613 1.97286
3796 0 3 -1 0 86.185 0.163 44.3658 1.634
3810 5 6 -0.0909091 0.300263 86.185 0.163 56.7945 2.06687
3811 5 4 0.111111 0.331269 86.185 0.163 56.3656 2.04402
3812 8 3 0.454545 0.268563 86.185 0.163 56.3755 2.02092
3813 3 5 -0.25 0.342327 86.185 0.163 56.1308 2.00949
3815 2 0 1 0 86.185 0.163 56.6057 1.99922
3822 2 2 0 0.5 86.185 0.163 56.2392 1.98343
3823 4 6 -0.2 0.309839 86.185 0.163 56.5094 1.99562
3824 6 7 -0.0769231 0.276528 86.185 0.163 56.2796 2.00034
3825 11 6 0.294118 0.231808 86.185 0.163 56.3316 1.99307
3826 5 8 -0.230769 0.269864 86.185 0.163 55.6882 1.9752
3827 11 5 0.375 0.231756 86.185 0.163 55.1388 1.95862
3828 9 7 0.125 0.248039 86.185 0.163 54.5422 1.94123
3829 5 5 0 0.316228 86.185 0.163 54.2276 1.93202
3830 7 12 -0.263158 0.221329 86.185 0.163 54.2086 1.93111
3832 7 6 0.0769231 0.276528 86.185 0.163 54.1927 1.93026
3833 7 3 0.4 0.289828 86.185 0.163 54.3339 1.92944
3835 6 11 -0.294118 0.231808 86.185 0.163 54.246 1.95484
3836 4 7 -0.272727 0.290081 86.185 0.163 54.3795 1.99785
3837 12 3 0.6 0.206559 86.185 0.163 54.4537 2.01771
3838 4 6 -0.2 0.309839 86.185 0.163 54.542 2.0348
3839 7 5 0.166667 0.284638 86.185 0.163 54.5751 2.02688
3840 12 5 0.411765 0.22102 86.185 0.163 54.6058 2.01983
3841 7 2 0.555556 0.27716 86.185 0.163 54.632 2.01179
3842 7 8 -0.0666667 0.257624 86.185 0.163 54.7378 1.98759
3843 4 8 -0.333333 0.272166 86.185 0.163 54.7931 1.97137
3844 5 4 0.111111 0.331269 86.185 0.163 54.9007 1.95513
3846 5 5 0 0.316228 86.185 0.163 55.245 1.95038
3847 9 7 0.125 0.248039 86.185 0.163 55.5146 1.95292
3848 6 5 0.0909091 0.300263 86.185 0.163 55.6839 1.95512
3849 11 10 0.047619 0.21797 86.185 0.163 55.4744 1.94594
3850 9 9 0 0.235702 86.185 0.163 54.9821 1.93277
3851 8 9 -0.0588235 0.242116 86.185 0.163 54.26 1.91308
3852 11 14 -0.12 0.198555 86.185 0.163 52.5752 1.87477
3853 4 9 -0.384615 0.256015 86.185 0.163 50.554 1.82865
3854 5 9 -0.285714 0.25612 86.185 0.163 47.9746 1.77589
3855 8 10 -0.111111 0.234243 86.185 0.163 46.067 1.73132
3856 11 11 0 0.213201 86.185 0.163 40.9741 1.61873
3857 2 3 -0.2 0.438178 86.185 0.163 39.1113 1.57732
3858 5 5 0 0.316228 86.185 0.163 34.0574 1.46564
3859 8 11 -0.157895 0.226538 86.185 0.163 31.673 1.4133
3860 4 4 0 0.353553 86.185 0.163 29.5819 1.3667
3861 4 5 -0.111111 0.331269 86.185 0.163 27.3496 1.24763
3864 6 6 0 0.288675 86.185 0.163 50.0789 1.78786
3866 8 5 0.230769 0.269864 86.185 0.163 51.9548 1.85806
3868 7 4 0.272727 0.290081 86.185 0.163 53.2932 1.909
3869 10 8 0.111111 0.234243 86.185 0.163 53.1103 1.93285
3878 4 1 0.6 0.357771 82.334 0.07 59.2617 1.6947
3880 11 9 0.1 0.222486 82.334 0.07 58.6908 1.71474
3881 3 3 0 0.408248 82.334 0.07 58.4494 1.72305
3882 7 5 0.166667 0.284638 82.334 0.07 57.8918 1.74257
3883 6 9 -0.2 0.252982 82.334 0.07 57.532 1.75462
3884 10 6 0.25 0.242061 82.334 0.07 57.1448 1.76803
3885 7 4 0.272727 0.290081 82.334 0.07 56.8171 1.77976
3889 4 7 -0.272727 0.290081 82.334 0.07 54.0592 1.87551
3890 10 14 -0.166667 0.201269 82.334 0.07 53.5717 1.8888
3923 5 2 0.428571 0.341494 82.334 0.07 57.6767 2.00568
3924 0 2 -1 0 82.334 0.07 57.9249 2.01319
3926 12 10 0.0909091 0.212318 82.334 0.07 57.6204 2.02147
3927 11 2 0.692308 0.200137 82.334 0.07 56.8544 1.98904
3928 4 7 -0.272727 0.290081 82.334 0.07 56.387 1.97774
3929 6 8 -0.142857 0.26452 82.334 0.07 56.2731 1.97274
3930 4 3 0.142857 0.374088 82.334 0.07 56.1868 1.96934
3931 5 7 -0.166667 0.284638 82.334 0.07 56.2309 1.96156
3932 13 8 0.238095 0.211942 82.334 0.07 55.9927 1.95995
3933 11 6 0.294118 0.231808 82.334 0.07 56.0335 1.96028
3934 6 1 0.714286 0.26452 82.334 0.07 56.0831 1.96067
3935 3 9 -0.5 0.25 82.334 0.07 56.0491 1.96092
3936 6 11 -0.294118 0.231808 82.334 0.07 56.1166 1.9627
3937 11 9 0.1 0.222486 82.334 0.07 56.0835 1.96584
3938 4 2 0.333333 0.3849 82.334 0.07 56.0585 1.96815
3939 5 5 0 0.316228 82.334 0.07 56.1469 1.9706
3940 6 8 -0.142857 0.26452 82.334 0.07 55.9919 1.9899
3941 11 12 -0.0434783 0.208317 82.334 0.07 55.9702 2.01625
3942 5 4 0.111111 0.331269 82.334 0.07 55.9526 2.03698
3944 7 4 0.272727 0.290081 82.334 0.07 55.9265 2.06729
3945 1 2 -0.333333 0.544331 82.334 0.07 55.904 2.09388
3946 7 9 -0.125 0.248039 82.334 0.07 55.8896 2.11133
3947 3 9 -0.5 0.25 82.334 0.07 55.8643 2.14088
3948 5 11 -0.375 0.231756 82.334 0.07 55.8413 2.16961
3951 0 3 -1 0 82.334 0.07 55.8131 2.2012
3952 11 10 0.047619 0.21797 82.334 0.07 55.8032 2.21283
3954 10 7 0.176471 0.238729 82.334 0.07 55.5613 2.23709
3955 12 5 0.411765 0.22102 82.334 0.07 55.8732 2.22832
3956 4 5 -0.111111 0.331269 82.334 0.07 56.0035 2.20186
3957 14 10 0.166667 0.201269 82.334 0.07 56.1738 2.1683
3959 7 13 -0.3 0.213307 82.334 0.07 56.5197 2.10213
3960 7 7 0 0.267261 82.334 0.07 56.6785 2.07155
3961 11 6 0.294118 0.231808 82.334 0.07 56.8287 2.04319
3962 2 2 0 0.5 82.334 0.07 56.9121 2.01246
3963 3 4 -0.142857 0.374088 82.334 0.07 57.0065 1.99939
3964 11 9 0.1 0.222486 82.334 0.07 56.9674 1.99885
3965 3 0 1 0 82.334 0.07 56.9343 1.99839
3966 7 7 0 0.267261 82.334 0.07 57.0491 1.99799
3967 0 3 -1 0 82.334 0.07 57.484 2.00987
3968 4 3 0.142857 0.374088 82.334 0.07 58.3556 2.0248
3970 13 14 -0.037037 0.192318 82.334 0.07 59.1878 2.04181
3972 5 12 -0.411765 0.22102 82.334 0.07 58.7293 2.03239
3973 8 8 0 0.25 82.334 0.07 58.771 2.0272
3974 5 4 0.111111 0.331269 82.334 0.07 58.6743 2.02188
3975 5 7 -0.166667 0.284638 82.334 0.07 58.5851 2.01741
3976 2 6 -0.5 0.306186 82.334 0.07 58.2841 2.01364
3977 5 8 -0.230769 0.269864 82.334 0.07 58.7071 2.0214
3978 3 3 0 0.408248 82.334 0.07 58.9817 2.02984
3980 2 2 0 0.5 82.334 0.07 59.5933 2.0581
3981 0 2 -1 0 82.334 0.07 59.7218 2.06311
3983 2 1 0.333333 0.544331 82.334 0.07 59.7083 2.07336
3985 4 7 -0.272727 0.290081 82.334 0.07 59.7991 2.07961
3986 1 1 0 0.707107 82.334 0.07 59.5465 2.07854
3996 3 5 -0.25 0.342327 82.334 0.07 58.1202 2.02753
3998 2 2 0 0.5 82.334 0.07 57.1785 1.99555
4023 1 1 0 0.707107 82.334 0.07 56.0878 2.03882
4024 2 0 1 0 82.334 0.07 56.0511 2.03483
4025 6 0 1 0 82.334 0.07 55.9731 2.02636
4027 2 1 0.333333 0.544331 82.334 0.07 55.8685 2.015
4028 4 10 -0.428571 0.241473 82.334 0.07 54.9645 2.0057
4029 8 4 0.333333 0.272166 82.334 0.07 55.8526 2.00488
4030 2 1 0.333333 0.544331 82.334 0.07 55.9278 2.0077
4031 2 6 -0.5 0.306186 82.334 0.07 56.072 2.0137
4032 1 3 -0.5 0.433013 82.334 0.07 56.4947 2.01929
4034 1 2 -0.333333 0.544331 82.334 0.07 56.4107 2.0243
4035 2 3 -0.2 0.438178 82.334 0.07 56.5071 2.02549
4036 1 2 -0.333333 0.544331 82.334 0.07 56.5534 2.02608
4037 3 2 0.2 0.438178 82.334 0.07 56.629 2.027
4038 3 2 0.2 0.438178 82.334 0.07 56.6806 2.02763
4043 1 2 -0.333333 0.544331 82.334 0.07 56.7682 2.02872
4044 3 7 -0.4 0.289828 82.334 0.07 56.8455 2.02965
4046 1 1 0 0.707107 82.334 0.07 57.0597 2.03069
4048 1 0 1 0 82.334 0.07 -1 -1
4051 3 8 -0.454545 0.268563 82.334 0.07 -1 -1
4052 4 2 0.333333 0.3849 82.334 0.07 -1 -1
4053 6 7 -0.0769231 0.276528 82.334 0.07 -1 -1
4054 4 8 -0.333333 0.272166 82.334 0.07 -1 -1
4055 2 2 0 0.5 82.334 0.07 -1 -1
4056 1 2 -0.333333 0.544331 82.334 0.07 -1 -1
4057 3 5 -0.25 0.342327 82.334 0.07 -1 -1
4058 5 5 0 0.316228 82.334 0.07 -1 -1
4059 5 2 0.428571 0.341494 82.334 0.07 58.0797 2.02541
4060 5 5 0 0.316228 82.334 0.07 58.129 2.02787
4061 3 3 0 0.408248 82.334 0.07 58.1589 2.02939
4062 2 6 -0.5 0.306186 82.334 0.07 58.2575 2.0313
4063 5 3 0.25 0.342327 82.334 0.07 58.4751 2.03844
4064 4 4 0 0.353553 82.334 0.07 59.1002 2.0534
4065 5 5 0 0.316228 82.334 0.07 59.8512 2.07129
4066 0 3 -1 0 82.334 0.07 60.0863 2.08424
4067 2 2 0 0.5 82.334 0.07 60.5068 2.08611
4068 6 5 0.0909091 0.300263 82.334 0.07 60.3816 2.07914
4069 4 3 0.142857 0.374088 82.334 0.07 60.225 2.07121
4070 1 0 1 0 82.334 0.07 60.167 2.06815
4071 5 1 0.666667 0.30429 82.334 0.07 60.0622 2.06368
4072 7 7 0 0.267261 82.334 0.07 60.1001 2.06153
4073 1 1 0 0.707107 82.334 0.07 60.3215 2.07096
4074 8 6 0.142857 0.26452 82.334 0.07 60.2914 2.0844
4075 5 2 0.428571 0.341494 82.334 0.07 60.6879 2.0857
4076 4 4 0 0.353553 82.334 0.07 60.2698 2.07119
4077 6 3 0.333333 0.31427 82.334 0.07 59.8434 2.06283
4078 11 7 0.222222 0.229809 82.334 0.07 59.5781 2.05079
4079 5 1 0.666667 0.30429 82.334 0.07 59 2.03858
4080 5 4 0.111111 0.331269 82.334 0.07 58.4889 2.02916
4081 0 2 -1 0 82.334 0.07 58.1517 2.02221
4082 2 4 -0.333333 0.3849 82.334 0.07 58.4402 2.02948
4083 6 4 0.2 0.309839 82.334 0.07 58.7606 2.03647
4084 2 6 -0.5 0.306186 82.334 0.07 59.8507 2.05661
4085 9 6 0.2 0.252982 82.334 0.07 60.3433 2.07495
4086 4 2 0.333333 0.3849 82.334 0.07 60.0987 2.07475
4087 1 2 -0.333333 0.544331 82.334 0.07 59.8184 2.07441
4088 3 2 0.2 0.438178 82.334 0.07 59.9313 2.08825
4089 2 3 -0.2 0.438178 82.334 0.07 60.2824 2.09897
4091 0 2 -1 0 82.334 0.07 61.2942 2.1312
4092 0 3 -1 0 82.334 0.07 61.6669 2.13069
4093 1 2 -0.333333 0.544331 82.334 0.07 61.9131 2.13039
4094 1 1 0 0.707107 82.334 0.07 61.5295 2.1188
4095 4 1 0.6 0.357771 82.334 0.07 61.279 2.1132
4096 1 2 -0.333333 0.544331 82.334 0.07 60.8891 2.10448
4097 1 2 -0.333333 0.544331 82.334 0.07 60.2565 2.09243
4098 5 0 1 0 82.334 0.07 60.0833 2.08628
4099 4 4 0 0.353553 82.334 0.07 59.9427 2.0827
4100 3 6 -0.333333 0.31427 82.334 0.07 59.873 2.07845
4101 3 4 -0.142857 0.374088 82.334 0.07 59.708 2.07675
4102 5 10 -0.333333 0.243432 82.334 0.07 59.8104 2.07922
4103 3 0 1 0 82.334 0.07 60.0312 2.08306
4104 4 2 0.333333 0.3849 82.334 0.07 59.995 2.08238
4105 3 7 -0.4 0.289828 82.334 0.07 59.9927 2.07849
4106 1 2 -0.333333 0.544331 82.334 0.07 59.9568 2.07544
4107 1 2 -0.333333 0.544331 82.334 0.07 59.7586 2.06984
4114 5 5 0 0.316228 82.334 0.07 56.3218 2.02391
4115 2 4 -0.333333 0.3849 82.334 0.07 56.4348 2.02515
4116 2 2 0 0.5 82.334 0.07 56.4907 2.0258
4117 7 6 0.0769231 0.276528 82.334 0.07 56.5756 2.0267
4118 4 0 1 0 82.334 0.07 56.681 2.02785
4119 9 2 0.636364 0.232583 82.334 0.07 56.7865 2.02901
4120 7 3 0.4 0.289828 82.334 0.07 56.9538 2.03085
4121 8 5 0.230769 0.269864 82.334 0.07 57.0869 2.03233
4122 1 1 0 0.707107 82.334 0.07 57.1901 2.03344
4155 1 1 0 0.707107 82.334 0.07 56.572 2.05179
4156 6 6 0 0.288675 82.334 0.07 59.1433 2.05952
4159 2 3 -0.2 0.438178 82.334 0.07 59.5712 2.072
4160 4 5 -0.111111 0.331269 82.334 0.07 60.2935 2.08675
4164 4 2 0.333333 0.3849 82.334 0.07 59.7554 2.07897
4165 5 11 -0.375 0.231756 82.334 0.07 59.2556 2.06629
4167 8 5 0.230769 0.269864 82.334 0.07 58.75 2.05313
4168 8 6 0.142857 0.26452 82.334 0.07 57.6571 2.03847
4169 2 5 -0.428571 0.341494 82.334 0.07 57.9721 2.03127
4170 6 3 0.333333 0.31427 82.334 0.07 57.9428 2.02754
4171 7 6 0.0769231 0.276528 82.334 0.07 57.9234 2.02514
4172 4 0 1 0 82.334 0.07 57.9013 2.02234
4173 6 9 -0.2 0.252982 82.334 0.07 57.7996 2.01953
4174 0 1 -1 0 82.334 0.07 57.8643 2.01763
4175 6 3 0.333333 0.31427 82.334 0.07 57.8591 2.0156
4176 6 3 0.333333 0.31427 82.334 0.07 57.8551 2.01391
4178 2 3 -0.2 0.438178 82.334 0.07 57.8522 2.01276
4179 7 3 0.4 0.289828 82.334 0.07 57.8478 2.01102
4180 11 6 0.294118 0.231808 82.334 0.07 57.8437 2.00936
4181 10 9 0.0526316 0.229098 82.334 0.07 57.8405 2.0081
4182 6 8 -0.142857 0.26452 82.334 0.07 57.8372 2.00677
4186 2 4 -0.333333 0.3849 82.334 0.07 57.8296 2.00369
4187 10 9 0.0526316 0.229098 82.334 0.07 57.8268 2.00258
4188 8 2 0.6 0.252982 82.334 0.07 57.5048 2.00164
4190 3 3 0 0.408248 82.334 0.07 56.5901 1.97436
4192 1 0 1 0 82.334 0.07 55.4846 1.96687
4194 3 1 0.5 0.433013 82.334 0.07 57.7574 2.01557
4195 5 7 -0.166667 0.284638 82.334 0.07 58.2991 2.02718
4196 10 3 0.538462 0.233709 82.334 0.07 58.9241 2.04348
4197 1 7 -0.75 0.233854 82.334 0.07 59.3727 2.05008
4198 14 13 0.037037 0.192318 82.334 0.07 58.5638 2.03198
4199 8 3 0.454545 0.268563 82.334 0.07 57.9493 2.01602
4200 4 4 0 0.353553 82.334 0.07 57.8277 2.01917
4201 6 5 0.0909091 0.300263 82.334 0.07 58.5267 2.04245
4202 1 0 1 0 82.334 0.07 58.8072 2.05182
4203 10 12 -0.0909091 0.212318 82.334 0.07 59.0668 2.06024
4204 2 3 -0.2 0.438178 82.334 0.07 59.0011 2.0574
4214 4 6 -0.2 0.309839 82.334 0.07 58.9564 2.0538
4215 4 4 0 0.353553 82.334 0.07 58.8772 2.06063
4216 6 4 0.2 0.309839 82.334 0.07 58.8629 2.07967
4217 3 5 -0.25 0.342327 82.334 0.07 58.8514 2.09478
4218 1 4 -0.6 0.357771 82.334 0.07 58.8256 2.12986
4219 2 4 -0.333333 0.3849 82.334 0.07 58.8051 2.14418
4220 5 2 0.428571 0.341494 82.334 0.07 56.6395 2.07644
4223 6 8 -0.142857 0.26452 82.334 0.07 47.8873 1.75595
4224 10 3 0.538462 0.233709 82.334 0.07 47.2128 1.71345
4230 0 1 -1 0 82.334 0.07 50.289 1.83229
4231 10 10 0 0.223607 82.334 0.07 52.4996 1.90824
4233 7 5 0.166667 0.284638 82.334 0.07 55.1213 1.98372
4234 2 5 -0.428571 0.341494 82.334 0.07 56.3516 2.00082
4236 1 0 1 0 82.334 0.07 57.9728 2.02189
4251 8 11 -0.157895 0.226538 82.334 0.07 58.0222 2.03321
4252 7 13 -0.3 0.213307 82.334 0.07 57.5209 2.00672
4253 11 6 0.294118 0.231808 82.334 0.07 57.143 1.98768
4254 17 10 0.259259 0.18587 82.334 0.07 57.1406 1.98358
4256 11 15 -0.153846 0.193781 82.334 0.07 57.3294 1.99461
4257 7 7 0 0.267261 82.334 0.07 57.3522 2.0036
4258 4 4 0 0.353553 82.334 0.07 57.1947 2.01124
4260 1 1 0 0.707107 82.334 0.07 57.6721 2.0295
4261 5 1 0.666667 0.30429 82.334 0.07 56.7429 2.03796
4262 2 3 -0.2 0.438178 82.334 0.07 56.8141 2.03973
4263 9 6 0.2 0.252982 82.334 0.07 56.907 2.04199
4264 3 3 0 0.408248 82.334 0.07 57.0078 2.0444
4265 8 9 -0.0588235 0.242116 82.334 0.07 57.2371 2.04984
4266 6 1 0.714286 0.26452 82.334 0.07 57.3719 2.05277
4273 3 0 1 0 82.334 0.07 59.1723 2.2029
4274 8 6 0.142857 0.26452 82.334 0.07 58.8616 2.13599
4275 6 9 -0.2 0.252982 82.334 0.07 58.2173 2.09366
4284 3 3 0 0.408248 82.334 0.07 57.7044 2.01984
4285 6 3 0.333333 0.31427 82.334 0.07 57.7146 2.01734
4286 4 3 0.142857 0.374088 82.334 0.07 57.7951 2.01532
4288 1 5 -0.666667 0.30429 82.334 0.07 58.1208 2.02131
4289 13 4 0.529412 0.205759 82.334 0.07 58.7542 2.03428
4290 4 8 -0.333333 0.272166 82.334 0.07 59.225 2.04315
4292 3 3 0 0.408248 82.334 0.07 59.9327 2.05902
4293 1 2 -0.333333 0.544331 82.334 0.07 60.0789 2.06706
4294 0 1 -1 0 82.334 0.07 60.2083 2.07175
4297 10 2 0.666667 0.215166 82.334 0.07 58.7135 2.03223
4298 2 3 -0.2 0.438178 82.334 0.07 58.2679 2.02045
4299 3 3 0 0.408248 82.334 0.07 56.451 1.95807
4300 5 2 0.428571 0.341494 82.334 0.07 53.6012 1.86695
4302 1 0 1 0 82.334 0.07 52.0707 1.81848
4303 6 5 0.0909091 0.300263 82.334 0.07 54.1094 1.88072
4304 7 4 0.272727 0.290081 82.334 0.07 54.5513 1.89399
4305 0 1 -1 0 82.334 0.07 54.7343 1.89992
4307 7 9 -0.125 0.248039 82.334 0.07 55.4599 1.91995
4308 6 4 0.2 0.309839 82.334 0.07 55.6159 1.92099
4309 1 0 1 0 82.334 0.07 55.7764 1.92205
4310 3 1 0.5 0.433013 82.334 0.07 55.8831 1.92276
4311 3 2 0.2 0.438178 82.334 0.07 56.0487 1.92383
4315 4 2 0.333333 0.3849 82.334 0.07 56.4541 1.92654
4316 0 2 -1 0 82.334 0.07 56.5185 1.92726
4320 3 4 -0.142857 0.374088 82.334 0.07 54.0663 1.91153
4321 1 0 1 0 82.334 0.07 53.8977 1.91046
4323 2 3 -0.2 0.438178 82.334 0.07 53.2887 1.90752
4324 6 3 0.333333 0.31427 82.334 0.07 53.426 1.90901
4328 8 7 0.0666667 0.257624 82.334 0.07 53.8665 1.91939
4329 12 9 0.142857 0.21598 82.334 0.07 54.2026 1.92742
4330 6 7 -0.0769231 0.276528 82.334 0.07 54.4546 1.93334
4331 1 0 1 0 82.334 0.07 54.7164 1.93709
4332 4 0 1 0 82.334 0.07 54.8531 1.9441
4333 6 4 0.2 0.309839 82.334 0.07 54.9876 1.94972
4334 5 2 0.428571 0.341494 82.334 0.07 55.0968 1.95443
4335 1 1 0 0.707107 82.334 0.07 55.1681 1.95811
4339 3 2 0.2 0.438178 82.334 0.07 53.3216 1.88722
4341 9 8 0.0588235 0.242116 82.334 0.07 53.2737 1.89901
4343 6 6 0 0.288675 82.334 0.07 53.6426 1.90372
4344 3 2 0.2 0.438178 82.334 0.07 53.3775 1.90109
4354 6 7 -0.0769231 0.276528 82.334 0.07 53.1066 1.89905
4355 9 9 0 0.235702 82.334 0.07 53.4086 1.90247
4356 6 9 -0.2 0.252982 82.334 0.07 53.1421 1.89194
4357 9 13 -0.181818 0.209647 82.334 0.07 52.4345 1.87109
4359 11 2 0.692308 0.200137 82.334 0.07 51.7298 1.85116
4360 7 7 0 0.267261 82.334 0.07 51.7599 1.85722
4361 8 9 -0.0588235 0.242116 82.334 0.07 52.2081 1.87879
4363 6 11 -0.294118 0.231808 82.334 0.07 53.1059 1.91837
4364 8 8 0 0.25 82.334 0.07 53.2621 1.91388
4365 5 5 0 0.316228 82.334 0.07 53.3738 1.91035
4367 3 1 0.5 0.433013 82.334 0.07 53.6262 1.90675
4368 7 12 -0.263158 0.221329 82.334 0.07 53.5436 1.90555
4370 5 6 -0.0909091 0.300263 82.334 0.07 53.5686 1.90495
4371 10 7 0.176471 0.238729 82.334 0.07 53.5908 1.90441
4372 9 11 -0.1 0.222486 82.334 0.07 54.5061 1.90386
4374 3 6 -0.333333 0.31427 82.334 0.07 53.5348 1.90061
4375 4 5 -0.111111 0.331269 82.334 0.07 53.3929 1.89844
4376 3 7 -0.4 0.289828 82.334 0.07 53.2432 1.89615
4378 7 10 -0.176471 0.238729 82.334 0.07 52.9092 1.89111
4379 6 10 -0.25 0.242061 82.334 0.07 53.0808 1.88857
4471 2 2 0 0.5 82.334 0.07 31.9839 1.42656
4474 1 2 -0.333333 0.544331 82.334 0.07 35.152 1.53122
4475 2 2 0 0.5 82.334 0.07 35.1809 1.52702
4476 3 5 -0.25 0.342327 82.334 0.07 -1 -1
4478 7 4 0.272727 0.290081 82.334 0.07 -1 -1
4479 12 7 0.263158 0.221329 82.334 0.07 -1 -1
4482 3 7 -0.4 0.289828 82.334 0.07 -1 -1
4483 0 1 -1 0 82.334 0.07 -1 -1
4486 5 1 0.666667 0.30429 82.334 0.07 -1 -1
4487 6 1 0.714286 0.26452 82.334 0.07 -1 -1
4488 1 1 0 0.707107 82.334 0.07 -1 -1
4490 3 5 -0.25 0.342327 82.334 0.07 -1 -1
4491 5 9 -0.285714 0.25612 82.334 0.07 36.8173 1.57918
4492 2 5 -0.428571 0.341494 82.334 0.07 36.6306 1.57123
4493 4 2 0.333333 0.3849 82.334 0.07 36.6294 1.56488
4494 6 3 0.333333 0.31427 82.334 0.07 36.4985 1.56819
4495 5 7 -0.166667 0.284638 82.334 0.07 36.6917 1.58171
4497 5 8 -0.230769 0.269864 82.334 0.07 36.9176 1.59703
4498 2 3 -0.2 0.438178 82.334 0.07 37.0163 1.60922
4503 5 12 -0.411765 0.22102 82.334 0.07 37.1325 1.60546
4507 15 8 0.304348 0.198623 82.334 0.07 37.0575 1.59348
4510 6 2 0.5 0.306186 82.334 0.07 36.9132 1.5839
4512 11 10 0.047619 0.21797 82.334 0.07 36.9312 1.58188
4514 8 9 -0.0588235 0.242116 82.334 0.07 36.7989 1.58317
4522 6 8 -0.142857 0.26452 82.334 0.07 36.7142 1.58095
4523 10 19 -0.310345 0.176526 82.334 0.07 36.7077 1.57766
4524 7 6 0.0769231 0.276528 82.334 0.07 36.6546 1.57477
4526 17 8 0.36 0.18659 82.334 0.07 36.7431 1.57666
4540 6 3 0.333333 0.31427 82.334 0.07 37.5076 1.61176
4543 2 2 0 0.5 82.334 0.07 38.0801 1.62149
4547 6 8 -0.142857 0.26452 82.334 0.07 37.4771 1.60974
4549 18 12 0.2 0.178885 82.334 0.07 36.7727 1.56986
4552 14 8 0.272727 0.205119 82.334 0.07 36.2527 1.54848
4554 8 12 -0.2 0.219089 82.334 0.07 36.0702 1.5406
4556 12 15 -0.111111 0.191258 82.334 0.07 36.286 1.55101
4557 10 5 0.333333 0.243432 82.334 0.07 36.3169 1.5562
4559 7 12 -0.263158 0.221329 82.334 0.07 36.1597 1.56059
4560 5 3 0.25 0.342327 82.334 0.07 36.6819 1.5673
4562 3 7 -0.4 0.289828 82.334 0.07 36.9555 1.59918
4569 18 11 0.241379 0.180204 82.334 0.07 37.091 1.61089
4570 12 9 0.142857 0.21598 82.334 0.07 36.6467 1.60574
4571 17 10 0.259259 0.18587 82.334 0.07 36.6445 1.60017
4572 6 5 0.0909091 0.300263 82.334 0.07 36.9277 1.59294
4573 9 4 0.384615 0.256015 82.334 0.07 37.0582 1.58482
4574 8 4 0.333333 0.272166 82.334 0.07 36.9417 1.57796
4575 10 8 0.111111 0.234243 82.334 0.07 36.8428 1.57173
4576 19 17 0.0555556 0.166409 82.334 0.07 36.7348 1.56684
4577 13 12 0.04 0.19984 82.334 0.07 36.5656 1.56023
4578 0 3 -1 0 82.334 0.07 34.3618 1.47539
4579 15 13 0.0714286 0.1885 82.334 0.07 34.8672 1.49456
4580 17 17 0 0.171499 82.334 0.07 36.0286 1.53405
4581 11 14 -0.12 0.198555 82.334 0.07 36.6074 1.5546
4582 15 14 0.0344828 0.185585 82.334 0.07 36.5999 1.55477
4583 13 23 -0.277778 0.160108 82.334 0.07 36.5936 1.55493
4585 7 3 0.4 0.289828 82.334 0.07 36.5816 1.55523
4586 4 7 -0.272727 0.290081 82.334 0.07 36.5772 1.55533
4587 9 3 0.5 0.25 82.334 0.07 36.5725 1.55545
