#run N+ N- A_raw dA_raw beamPol dBeam targetPol dTgt
5045 1 1 0 0.707107 80.795 0.097 37.9424 2.94468
5046 1 1 0 0.707107 80.795 0.097 37.926 2.95895
5047 2 3 -0.2 0.438178 80.795 0.097 37.6551 3.13846
5048 11 17 -0.214286 0.184592 80.795 0.097 37.155 3.48385
5049 2 1 0.333333 0.544331 80.795 0.097 36.8818 3.68228
5053 4 7 -0.272727 0.290081 80.795 0.097 36.7837 3.96603
5054 3 3 0 0.408248 80.795 0.097 36.8451 4.04723
5086 2 2 0 0.5 80.795 0.097 37.0376 4.37198
5090 7 9 -0.125 0.248039 80.795 0.097 36.6031 3.77856
5091 20 15 0.142857 0.167297 80.795 0.097 35.8228 3.10944
5093 6 13 -0.368421 0.213278 80.795 0.097 34.8975 2.72828
5094 2 4 -0.333333 0.3849 80.795 0.097 34.8577 2.72556
5095 20 17 0.0810811 0.163858 80.795 0.097 34.8723 2.78044
5099 3 7 -0.4 0.289828 80.795 0.097 35.0133 3.1638
5100 7 5 0.166667 0.284638 80.795 0.097 35.118 3.58907
5101 4 3 0.142857 0.374088 80.795 0.097 35.2084 3.94817
5102 4 4 0 0.353553 80.795 0.097 35.4276 4.32679
5103 11 9 0.1 0.222486 80.795 0.097 35.9379 7.17083
5104 3 5 -0.25 0.342327 80.795 0.097 36.8887 11.4145
5105 2 4 -0.333333 0.3849 80.795 0.097 37.5777 14.4253
5106 4 2 0.333333 0.3849 80.795 0.097 38.0537 16.5351
5107 14 13 0.037037 0.192318 80.795 0.097 32.9641 3.37471
5108 17 13 0.133333 0.180944 80.795 0.097 33.6062 2.84968
5109 2 1 0.333333 0.544331 80.795 0.097 33.904 2.61121
5110 8 8 0 0.25 80.795 0.097 34.1071 2.57365
5112 6 5 0.0909091 0.300263 80.795 0.097 34.3206 2.60281
5113 9 9 0 0.235702 80.795 0.097 34.4329 2.6686
5114 9 8 0.0588235 0.242116 80.795 0.097 34.4682 2.74175
5115 9 12 -0.142857 0.21598 80.795 0.097 34.5505 2.79327
5116 12 16 -0.142857 0.187044 80.795 0.097 34.6499 2.82766
5121 16 13 0.103448 0.184699 80.795 0.097 33.728 2.75448
5122 7 8 -0.0666667 0.257624 80.795 0.097 33.5258 2.69137
5124 7 11 -0.222222 0.229809 80.795 0.097 33.6985 2.65808
5126 6 7 -0.0769231 0.276528 80.795 0.097 33.9505 2.61197
5127 17 9 0.307692 0.186602 80.795 0.097 34.3045 3.54377
5129 8 3 0.454545 0.268563 80.795 0.097 34.5441 4.42512
5135 5 2 0.428571 0.341494 80.795 0.097 34.8706 5.49153
5140 3 1 0.5 0.433013 80.795 0.097 36.1743 2.95854
5142 0 2 -1 0 80.795 0.097 36.3263 2.99396
5143 4 2 0.333333 0.3849 80.795 0.097 36.2372 3.01669
5145 8 3 0.454545 0.268563 80.795 0.097 36.2442 2.91076
5146 7 7 0 0.267261 80.795 0.097 35.874 2.78656
5147 4 11 -0.466667 0.22836 80.795 0.097 36.566 2.80218
5148 7 6 0.0769231 0.276528 80.795 0.097 36.2882 2.77995
5152 10 16 -0.230769 0.190823 80.795 0.097 36.0014 2.98815
5153 11 12 -0.0434783 0.208317 80.795 0.097 35.7906 3.40532
5154 13 13 0 0.196116 80.795 0.097 35.68 3.52176
5155 0 1 -1 0 80.795 0.097 35.5861 3.46951
5156 2 4 -0.333333 0.3849 80.795 0.097 35.4948 3.40316
5164 12 8 0.2 0.219089 80.795 0.097 35.3756 2.73612
5165 4 7 -0.272727 0.290081 80.795 0.097 34.8394 2.71386
5167 11 10 0.047619 0.21797 80.795 0.097 34.8811 3.90852
5176 12 11 0.0434783 0.208317 80.795 0.097 34.1872 7.83709
5183 8 14 -0.272727 0.205119 80.795 0.097 33.4887 4.15006
5185 10 8 0.111111 0.234243 80.795 0.097 33.4314 2.7083
5186 10 12 -0.0909091 0.212318 80.795 0.097 33.8902 2.9141
5187 2 0 1 0 80.795 0.097 -1 -1
5188 2 2 0 0.5 80.795 0.097 -1 -1
5301 8 1 0.777778 0.209513 80.795 0.097 33.856 2.42022
5302 8 6 0.142857 0.26452 80.795 0.097 34.0851 2.44984
5303 7 9 -0.125 0.248039 80.795 0.097 32.2802 2.33003
5315 10 6 0.25 0.242061 80.795 0.097 -1 -1
5316 8 9 -0.0588235 0.242116 80.795 0.097 -1 -1
5317 6 1 0.714286 0.26452 80.795 0.097 -1 -1
5318 5 11 -0.375 0.231756 80.795 0.097 30.0753 2.16
5320 6 6 0 0.288675 80.795 0.097 30.77 2.20355
5321 6 0 1 0 80.795 0.097 31.264 2.2375
5322 6 6 0 0.288675 80.795 0.097 31.7962 2.27647
5323 8 6 0.142857 0.26452 80.795 0.097 32.55 2.33593
5324 12 2 0.714286 0.187044 80.795 0.097 33.086 2.38005
5364 2 1 0.333333 0.544331 80.795 0.097 -1 -1
5378 5 8 -0.230769 0.269864 80.795 0.097 37.5205 2.68174
5379 7 8 -0.0666667 0.257624 80.795 0.097 36.7394 2.64686
5380 8 4 0.333333 0.272166 80.795 0.097 36.4277 2.61645
5385 2 0 1 0 80.795 0.097 36.4563 2.60752
5386 3 10 -0.538462 0.233709 80.795 0.097 36.75 2.59953
5387 5 3 0.25 0.342327 80.795 0.097 -1 -1
5388 5 4 0.111111 0.331269 80.795 0.097 -1 -1
5406 3 9 -0.5 0.25 80.795 0.097 38.9938 2.76522
5407 0 2 -1 0 80.795 0.097 38.8903 2.73993
5408 13 9 0.181818 0.209647 80.795 0.097 38.435 2.70282
5409 4 9 -0.384615 0.256015 80.795 0.097 37.6272 2.64903
5411 3 3 0 0.408248 80.795 0.097 37.5823 2.63191
5412 4 10 -0.428571 0.241473 80.795 0.097 37.7931 2.65193
5414 1 2 -0.333333 0.544331 80.795 0.097 37.968 2.66807
5416 7 4 0.272727 0.290081 80.795 0.097 38.1143 2.68593
5449 1 0 1 0 80.795 0.097 36.778 2.68774
5453 1 0 1 0 80.795 0.097 37.0007 2.64446
5460 1 0 1 0 80.795 0.097 37.1568 2.656
5461 3 1 0.5 0.433013 80.795 0.097 36.9175 2.63805
5462 7 10 -0.176471 0.238729 80.795 0.097 36.3743 2.61415
5463 3 6 -0.333333 0.31427 80.795 0.097 36.4712 2.60252
5464 6 6 0 0.288675 80.795 0.097 36.5948 2.60681
5465 3 1 0.5 0.433013 80.795 0.097 36.6689 2.60922
5466 6 4 0.2 0.309839 80.795 0.097 36.6439 2.60535
5467 4 2 0.333333 0.3849 80.795 0.097 36.518 2.59335
5468 11 6 0.294118 0.231808 80.795 0.097 36.2379 2.57929
5469 11 2 0.692308 0.200137 80.795 0.097 36.2188 2.57802
5470 4 12 -0.5 0.216506 80.795 0.097 36.1219 2.5905
5471 10 10 0 0.223607 80.795 0.097 36.0561 2.58785
5472 13 9 0.181818 0.209647 80.795 0.097 35.8505 2.56593
5476 10 8 0.111111 0.234243 80.795 0.097 35.7792 2.54832
5477 13 8 0.238095 0.211942 80.795 0.097 35.8544 2.55293
5478 4 4 0 0.353553 80.795 0.097 35.9447 2.55571
5479 1 3 -0.5 0.433013 80.795 0.097 35.889 2.55501
5480 8 9 -0.0588235 0.242116 80.795 0.097 35.7532 2.54734
5481 12 6 0.333333 0.222222 80.795 0.097 35.5456 2.53488
5482 3 1 0.5 0.433013 80.795 0.097 35.4628 2.52741
5483 8 10 -0.111111 0.234243 80.795 0.097 34.6618 2.47464
5484 13 12 0.04 0.19984 80.795 0.097 32.9413 2.35385
5485 6 11 -0.294118 0.231808 80.795 0.097 31.5978 2.25986
5486 9 5 0.285714 0.25612 80.795 0.097 -1 -1
5494 5 6 -0.0909091 0.300263 80.795 0.097 35.039 2.51382
5495 4 7 -0.272727 0.290081 80.795 0.097 35.2392 2.5482
5496 2 2 0 0.5 80.795 0.097 35.3172 2.58759
5497 0 5 -1 0 80.795 0.097 35.5841 2.60129
5499 3 2 0.2 0.438178 80.795 0.097 35.6466 2.59814
5501 1 5 -0.666667 0.30429 80.795 0.097 35.8361 2.58893
5502 10 6 0.25 0.242061 80.795 0.097 35.7205 2.5795
5503 4 7 -0.272727 0.290081 80.795 0.097 38.275 2.84664
5504 8 5 0.230769 0.269864 80.795 0.097 46.6205 3.87342
5505 8 8 0 0.25 80.795 0.097 51.4156 4.5757
5506 9 11 -0.1 0.222486 80.795 0.097 34.6482 2.46819
5507 15 11 0.153846 0.193781 80.795 0.097 34.9601 2.48997
5508 11 13 -0.0833333 0.203414 80.795 0.097 35.2261 2.51523
5511 11 10 0.047619 0.21797 80.795 0.097 35.2812 2.53015
5512 12 9 0.142857 0.21598 80.795 0.097 35.6516 2.54754
5513 11 14 -0.12 0.198555 80.795 0.097 36.6505 2.58557
5514 5 12 -0.411765 0.22102 80.795 0.097 36.4997 2.58327
5515 12 14 -0.0769231 0.195535 80.795 0.097 36.4732 2.57847
5517 3 3 0 0.408248 80.795 0.097 36.3994 2.5713
5518 8 3 0.454545 0.268563 80.795 0.097 36.3687 2.56417
5519 10 11 -0.047619 0.21797 80.795 0.097 -1 -1
5523 4 13 -0.529412 0.205759 80.795 0.097 -1 -1
5524 8 7 0.0666667 0.257624 80.795 0.097 35.6421 2.52385
5525 13 7 0.3 0.213307 80.795 0.097 35.5571 2.51685
5526 5 11 -0.375 0.231756 80.795 0.097 35.4686 2.51042
5527 12 12 0 0.204124 80.795 0.097 35.6139 2.5194
5529 10 9 0.0526316 0.229098 80.795 0.097 35.9158 2.54118
5531 8 3 0.454545 0.268563 80.795 0.097 36.3717 2.56496
5532 4 4 0 0.353553 80.795 0.097 -1 -1
5533 3 0 1 0 80.795 0.097 -1 -1
5537 8 8 0 0.25 80.795 0.097 32.1105 2.28298
5538 7 3 0.4 0.289828 80.795 0.097 32.5705 2.32585
5539 5 7 -0.166667 0.284638 80.795 0.097 33.6564 2.40325
5541 9 9 0 0.235702 80.795 0.097 34.0242 2.43058
5543 6 7 -0.0769231 0.276528 80.795 0.097 34.305 2.45684
5544 10 6 0.25 0.242061 80.795 0.097 34.3656 2.45647
5545 4 5 -0.111111 0.331269 80.795 0.097 34.2588 2.44386
5548 5 8 -0.230769 0.269864 80.795 0.097 35.0812 2.51023
5549 0 2 -1 0 80.795 0.097 35.2581 2.52602
5550 6 5 0.0909091 0.300263 80.795 0.097 35.1499 2.54793
5571 1 4 -0.6 0.357771 80.795 0.097 39.9898 2.82839
5572 6 7 -0.0769231 0.276528 80.795 0.097 38.8488 2.78884
5573 11 10 0.047619 0.21797 80.795 0.097 38.7881 2.74549
5574 11 12 -0.0434783 0.208317 80.795 0.097 37.932 2.68491
5575 6 9 -0.2 0.252982 80.795 0.097 37.5943 2.65475
5576 18 13 0.16129 0.177254 80.795 0.097 -1 -1
5577 8 11 -0.157895 0.226538 80.795 0.097 -1 -1
5578 8 13 -0.238095 0.211942 80.795 0.097 -1 -1
5579 9 8 0.0588235 0.242116 80.795 0.097 -1 -1
5580 4 3 0.142857 0.374088 80.795 0.097 -1 -1
5581 2 1 0.333333 0.544331 80.795 0.097 -1 -1
5582 6 3 0.333333 0.31427 80.795 0.097 -1 -1
5583 0 3 -1 0 80.795 0.097 37.2666 2.66637
5584 7 10 -0.176471 0.238729 80.795 0.097 37.2562 2.65964
5586 5 8 -0.230769 0.269864 80.795 0.097 37.0511 2.63018
5589 2 1 0.333333 0.544331 80.795 0.097 36.5831 2.61248
5592 6 4 0.2 0.309839 80.795 0.097 36.5289 2.61233
5593 2 2 0 0.5 80.795 0.097 36.5045 2.61225
5596 3 6 -0.333333 0.31427 80.795 0.097 36.4631 2.61213
5597 7 8 -0.0666667 0.257624 80.795 0.097 36.4162 2.61201
5598 12 8 0.2 0.219089 80.795 0.097 35.9853 2.58002
5599 9 14 -0.217391 0.203528 80.795 0.097 35.3352 2.52973
5600 9 11 -0.1 0.222486 80.795 0.097 34.4862 2.46616
5601 1 5 -0.666667 0.30429 80.795 0.097 34.0346 2.43006
5602 17 13 0.133333 0.180944 80.795 0.097 33.5599 2.39412
5603 10 2 0.666667 0.215166 80.795 0.097 32.5198 2.32039
5604 5 7 -0.166667 0.284638 80.795 0.097 31.5473 2.24943
5605 6 7 -0.0769231 0.276528 80.795 0.097 32.8393 2.39838
5606 12 14 -0.0769231 0.195535 80.795 0.097 33.2998 2.41543
5608 11 15 -0.153846 0.193781 80.795 0.097 33.2746 2.38885
5609 11 13 -0.0833333 0.203414 80.795 0.097 33.3848 2.38102
5611 13 11 0.0833333 0.203414 80.795 0.097 33.446 2.38956
5612 18 15 0.0909091 0.173357 80.795 0.097 33.6687 2.40345
5613 10 9 0.0526316 0.229098 80.795 0.097 33.8552 2.41589
5614 14 9 0.217391 0.203528 80.795 0.097 34.1265 2.43284
5615 0 3 -1 0 80.795 0.097 34.3195 2.44824
5616 12 12 0 0.204124 80.795 0.097 34.5248 2.46143
5617 4 1 0.6 0.357771 80.795 0.097 34.8914 2.48668
5619 2 11 -0.692308 0.200137 80.795 0.097 35.1937 2.51148
5620 12 13 -0.04 0.19984 80.795 0.097 35.8944 2.55808
5621 8 7 0.0666667 0.257624 80.795 0.097 36.0832 2.57381
5623 4 6 -0.2 0.309839 80.795 0.097 37.8901 2.69362
5624 5 5 0 0.316228 80.795 0.097 37.5653 2.67227
5625 16 13 0.103448 0.184699 80.795 0.097 36.1646 2.61932
5626 11 5 0.375 0.231756 80.795 0.097 36.1505 2.57748
5627 0 2 -1 0 80.795 0.097 35.8829 2.55598
5628 5 5 0 0.316228 80.795 0.097 35.7318 2.54426
5629 9 11 -0.1 0.222486 80.795 0.097 35.5841 2.53289
5630 20 18 0.0526316 0.161997 80.795 0.097 35.4956 2.52762
5632 7 16 -0.391304 0.191888 80.795 0.097 35.5084 2.52194
5633 2 3 -0.2 0.438178 80.795 0.097 35.4479 2.52565
5634 10 8 0.111111 0.234243 80.795 0.097 35.7351 2.54614
5654 1 3 -0.5 0.433013 80.795 0.097 34.2769 1.45648
5655 5 0 1 0 80.795 0.097 33.6577 1.42267
5659 6 3 0.333333 0.31427 80.795 0.097 33.9069 1.42169
5660 2 1 0.333333 0.544331 80.795 0.097 33.8308 1.41918
5661 6 6 0 0.288675 80.795 0.097 33.5658 1.41245
5663 15 15 0 0.182574 80.795 0.097 33.3223 1.39869
5664 8 5 0.230769 0.269864 80.795 0.097 32.9469 1.38182
5665 14 7 0.333333 0.205738 80.795 0.097 32.6501 1.36755
5666 15 10 0.2 0.195959 80.795 0.097 32.4016 1.35556
5667 9 7 0.125 0.248039 80.795 0.097 32.2955 1.35333
5670 1 2 -0.333333 0.544331 80.795 0.097 32.4359 1.35725
5671 5 11 -0.375 0.231756 80.795 0.097 32.3962 1.37541
5672 9 13 -0.181818 0.209647 80.795 0.097 32.5873 1.38625
5673 7 9 -0.125 0.248039 80.795 0.097 32.3468 1.39503
5674 9 10 -0.0526316 0.229098 80.795 0.097 32.1513 1.40418
5675 3 3 0 0.408248 80.795 0.097 32.0046 1.40556
5676 16 3 0.684211 0.167309 80.795 0.097 32.0206 1.39754
5678 4 3 0.142857 0.374088 80.795 0.097 32.0589 1.37963
5679 4 3 0.142857 0.374088 80.795 0.097 32.4355 1.35759
5683 2 10 -0.666667 0.215166 80.795 0.097 32.1478 1.35433
5685 5 5 0 0.316228 80.795 0.097 32.1791 1.35779
5686 1 1 0 0.707107 80.795 0.097 32.0752 1.35678
5688 2 2 0 0.5 80.795 0.097 31.9817 1.35322
5690 15 7 0.363636 0.198605 80.795 0.097 31.3937 1.34388
5691 8 7 0.0666667 0.257624 80.795 0.097 31.5116 1.33291
5692 9 7 0.125 0.248039 80.795 0.097 31.2623 1.31925
5693 11 13 -0.0833333 0.203414 80.795 0.097 31.028 1.30663
5694 8 8 0 0.25 80.795 0.097 30.7828 1.29669
5696 15 11 0.153846 0.193781 80.795 0.097 30.9247 1.29707
5697 13 5 0.444444 0.211144 80.795 0.097 31.1347 1.30295
5698 10 11 -0.047619 0.21797 80.795 0.097 31.2568 1.30952
5699 4 5 -0.111111 0.331269 80.795 0.097 31.3059 1.30993
5700 2 2 0 0.5 80.795 0.097 31.2297 1.31342
5702 9 11 -0.1 0.222486 80.795 0.097 31.5093 1.33532
5703 2 2 0 0.5 80.795 0.097 32.6204 1.37306
5704 7 4 0.272727 0.290081 80.795 0.097 32.8829 1.39496
5705 8 10 -0.111111 0.234243 80.795 0.097 32.9262 1.39241
5706 10 9 0.0526316 0.229098 80.795 0.097 32.9027 1.37999
5707 11 14 -0.12 0.198555 80.795 0.097 32.6506 1.37619
5708 4 7 -0.272727 0.290081 80.795 0.097 32.3927 1.37238
5709 10 15 -0.2 0.195959 80.795 0.097 32.3045 1.3684
5710 9 7 0.125 0.248039 80.795 0.097 32.3424 1.36408
5711 8 8 0 0.25 80.795 0.097 32.3943 1.35876
5712 0 5 -1 0 80.795 0.097 33.6903 1.40851
5713 8 7 0.0666667 0.257624 80.795 0.097 33.8223 1.40641
5714 16 10 0.230769 0.190823 80.795 0.097 33.2489 1.3871
5717 10 11 -0.047619 0.21797 80.795 0.097 32.8432 1.37613
5718 10 13 -0.130435 0.206733 80.795 0.097 33.0141 1.38493
5721 11 2 0.692308 0.200137 80.795 0.097 33.2002 1.39405
5722 8 6 0.142857 0.26452 80.795 0.097 33.1113 1.39355
5723 16 8 0.333333 0.19245 80.795 0.097 32.5956 1.37994
5724 5 19 -0.583333 0.165796 80.795 0.097 37.8464 2.35837
5725 13 7 0.3 0.213307 80.795 0.097 47.0776 3.90443
5726 7 4 0.272727 0.290081 80.795 0.097 54.7223 5.1298
5727 16 9 0.28 0.192 80.795 0.097 31.4251 1.32503
5728 1 6 -0.714286 0.26452 80.795 0.097 31.5353 1.33187
5730 8 10 -0.111111 0.234243 80.795 0.097 31.5903 1.34014
5732 10 9 0.0526316 0.229098 80.795 0.097 31.781 1.34214
5733 15 12 0.111111 0.191258 80.795 0.097 31.8462 1.33974
5734 11 5 0.375 0.231756 80.795 0.097 31.8954 1.33775
5735 2 5 -0.428571 0.341494 80.795 0.097 32.034 1.33538
5736 1 4 -0.6 0.357771 80.795 0.097 32.1367 1.34182
5737 3 1 0.5 0.433013 80.795 0.097 32.2963 1.34875
5739 4 7 -0.272727 0.290081 80.795 0.097 32.897 1.38071
5740 14 9 0.217391 0.203528 80.795 0.097 33.0273 1.39439
5741 10 11 -0.047619 0.21797 80.795 0.097 33.1035 1.40795
5742 1 4 -0.6 0.357771 80.795 0.097 33.2135 1.41478
5743 18 10 0.285714 0.181104 80.795 0.097 33.1129 1.40714
5744 12 10 0.0909091 0.212318 80.795 0.097 32.9209 1.39611
5745 15 12 0.111111 0.191258 80.795 0.097 32.8169 1.38419
5748 7 7 0 0.267261 80.795 0.097 32.6563 1.37463
5751 2 2 0 0.5 80.795 0.097 32.6419 1.37038
5752 19 12 0.225806 0.174966 80.795 0.097 32.5597 1.36797
5753 1 4 -0.6 0.357771 80.795 0.097 32.5995 1.36664
5754 2 2 0 0.5 80.795 0.097 32.5551 1.36668
5755 4 2 0.333333 0.3849 80.795 0.097 32.5076 1.36671
5756 15 20 -0.142857 0.167297 80.795 0.097 32.4062 1.36685
5761 10 19 -0.310345 0.176526 80.795 0.097 32.2 1.36043
5762 11 5 0.375 0.231756 80.795 0.097 32.1938 1.35563
5763 11 5 0.375 0.231756 80.795 0.097 32.2745 1.35624
5764 16 3 0.684211 0.167309 80.795 0.097 32.3735 1.36449
5765 7 14 -0.333333 0.205738 80.795 0.097 32.5637 1.37234
5768 13 11 0.0833333 0.203414 80.795 0.097 32.6267 1.38139
5770 8 6 0.142857 0.26452 80.795 0.097 32.8828 1.39326
5771 1 0 1 0 80.795 0.097 -1 -1
5773 27 13 0.35 0.148113 80.795 0.097 -1 -1
5778 19 24 -0.116279 0.151464 80.795 0.097 -1 -1
5779 10 15 -0.2 0.195959 80.795 0.097 32.5151 1.36996
5781 18 14 0.125 0.17539 80.795 0.097 32.3864 1.36313
5783 9 5 0.285714 0.25612 80.795 0.097 32.368 1.37084
5784 11 16 -0.185185 0.189121 80.795 0.097 32.4126 1.38802
5785 22 19 0.0731707 0.155755 80.795 0.097 32.3188 1.37629
5805 5 0 1 0 80.795 0.097 40.7486 1.70045
5806 1 1 0 0.707107 80.795 0.097 40.5288 1.69403
5809 10 11 -0.047619 0.21797 80.795 0.097 39.3372 1.68322
5810 3 2 0.2 0.438178 80.795 0.097 40.0636 1.68149
5811 0 1 -1 0 80.795 0.097 40.2832 1.6874
5815 12 12 0 0.204124 80.795 0.097 40.7096 1.69918
5816 12 7 0.263158 0.221329 80.795 0.097 39.9212 1.67432
5818 7 17 -0.416667 0.185561 80.795 0.097 39.2218 1.63898
5819 11 6 0.294118 0.231808 80.795 0.097 38.804 1.62682
5820 0 1 -1 0 80.795 0.097 38.5934 1.61882
5821 1 1 0 0.707107 80.795 0.097 40.1824 2.05984
5828 13 10 0.130435 0.206733 80.795 0.097 55.4177 6.31227
5829 11 18 -0.241379 0.180204 80.795 0.097 39.0431 1.67379
5830 2 7 -0.555556 0.27716 80.795 0.097 39.3846 1.67035
5831 1 3 -0.5 0.433013 80.795 0.097 39.6812 1.66756
5832 6 6 0 0.288675 80.795 0.097 39.9952 1.65901
5837 10 9 0.0526316 0.229098 80.795 0.097 39.7148 1.63995
5838 1 4 -0.6 0.357771 80.795 0.097 39.5817 1.63074
5839 8 9 -0.0588235 0.242116 80.795 0.097 39.4099 1.61936
5840 10 12 -0.0909091 0.212318 80.795 0.097 39.3438 1.62594
5841 16 14 0.0666667 0.182168 80.795 0.097 39.3152 1.64779
5842 1 0 1 0 80.795 0.097 39.367 1.66023
5844 2 2 0 0.5 80.795 0.097 39.5044 1.66731
5852 0 2 -1 0 80.795 0.097 40.0214 1.6865
5854 5 5 0 0.316228 80.795 0.097 39.9433 1.68722
5856 7 9 -0.125 0.248039 80.795 0.097 40.287 1.66057
5858 9 9 0 0.235702 80.795 0.097 40.1948 1.65721
5859 18 6 0.5 0.176777 80.795 0.097 39.8703 1.64871
5860 14 9 0.217391 0.203528 80.795 0.097 39.2984 1.63784
5861 10 12 -0.0909091 0.212318 80.795 0.097 39.1631 1.62728
5862 12 10 0.0909091 0.212318 80.795 0.097 39.0444 1.619
5863 20 14 0.176471 0.168807 80.795 0.097 38.9178 1.61031
5864 12 13 -0.04 0.19984 80.795 0.097 38.9519 1.60133
5865 13 9 0.181818 0.209647 80.795 0.097 39.5306 2.62328
5866 10 8 0.111111 0.234243 80.795 0.097 41.6859 4.93991
5868 12 15 -0.111111 0.191258 80.795 0.097 43.4364 6.92084
5869 9 8 0.0588235 0.242116 80.795 0.097 37.4758 1.55838
5870 11 10 0.047619 0.21797 80.795 0.097 37.7492 1.5642
5871 15 8 0.304348 0.198623 80.795 0.097 37.9847 1.57017
5872 6 3 0.333333 0.31427 80.795 0.097 38.2957 1.57908
5873 6 9 -0.2 0.252982 80.795 0.097 38.4112 1.58602
5874 4 2 0.333333 0.3849 80.795 0.097 38.5335 1.59305
5875 10 8 0.111111 0.234243 80.795 0.097 38.6933 1.59772
5877 17 13 0.133333 0.180944 80.795 0.097 38.6995 1.60384
5879 8 4 0.333333 0.272166 80.795 0.097 38.6861 1.6042
5880 8 8 0 0.25 80.795 0.097 38.6363 1.60446
5881 5 6 -0.0909091 0.300263 80.795 0.097 38.704 1.60672
5882 15 12 0.111111 0.191258 80.795 0.097 38.7938 1.61175
5883 7 9 -0.125 0.248039 80.795 0.097 38.8557 1.61582
5884 14 18 -0.125 0.17539 80.795 0.097 38.8273 1.61607
5885 11 12 -0.0434783 0.208317 80.795 0.097 38.6631 1.6128
5886 6 12 -0.333333 0.222222 80.795 0.097 38.5527 1.60993
5887 11 12 -0.0434783 0.208317 80.795 0.097 38.5875 1.80908
5888 7 13 -0.3 0.213307 80.795 0.097 38.7683 2.06686
5889 11 9 0.1 0.222486 80.795 0.097 38.9197 2.31236
5890 11 14 -0.12 0.198555 80.795 0.097 39.0293 2.32646
5891 13 11 0.0833333 0.203414 80.795 0.097 38.9702 2.03079
5892 5 10 -0.333333 0.243432 80.795 0.097 38.9638 1.76324
5893 17 19 -0.0555556 0.166409 80.795 0.097 46.0746 3.17613
5894 15 11 0.153846 0.193781 80.795 0.097 56.5122 5.2083
5895 13 15 -0.0714286 0.1885 80.795 0.097 37.9884 1.57081
5896 5 6 -0.0909091 0.300263 80.795 0.097 38.637 1.59554
5897 1 0 1 0 80.795 0.097 39.4993 1.6445
5898 13 16 -0.103448 0.184699 80.795 0.097 39.1999 1.62632
5899 21 13 0.235294 0.166684 80.795 0.097 38.9641 1.61294
5900 1 2 -0.333333 0.544331 80.795 0.097 38.8013 1.60353
5901 16 16 0 0.176777 80.795 0.097 39.0995 1.61462
5902 4 7 -0.272727 0.290081 80.795 0.097 39.2685 1.62069
5903 8 8 0 0.25 80.795 0.097 39.2483 1.62334
5904 10 8 0.111111 0.234243 80.795 0.097 39.0362 1.62437
5912 7 8 -0.0666667 0.257624 80.795 0.097 39.4695 1.65866
5914 10 11 -0.047619 0.21797 80.795 0.097 39.2401 1.64985
5915 12 12 0 0.204124 80.795 0.097 38.8871 1.63407
5917 5 8 -0.230769 0.269864 80.795 0.097 38.6745 1.62466
5918 6 8 -0.142857 0.26452 80.795 0.097 38.5203 1.61968
5919 15 10 0.2 0.195959 80.795 0.097 38.338 1.61534
5923 8 8 0 0.25 80.795 0.097 35.9144 1.52737
5924 3 2 0.2 0.438178 80.795 0.097 35.4458 1.5102
5925 9 4 0.384615 0.256015 80.795 0.097 35.6399 1.51579
5926 11 11 0 0.213201 80.795 0.097 36.0304 1.52713
5927 6 5 0.0909091 0.300263 80.795 0.097 36.4184 1.53783
5931 19 10 0.310345 0.176526 80.795 0.097 34.6721 1.46457
5932 3 5 -0.25 0.342327 80.795 0.097 33.8389 1.42953
5933 14 8 0.272727 0.205119 80.795 0.097 -1 -1
5934 6 6 0 0.288675 80.795 0.097 -1 -1
5935 7 7 0 0.267261 80.795 0.097 -1 -1
5936 5 5 0 0.316228 80.795 0.097 -1 -1
5937 7 9 -0.125 0.248039 80.795 0.097 -1 -1
5938 2 8 -0.6 0.252982 80.795 0.097 32.6293 1.37155
5939 3 1 0.5 0.433013 80.795 0.097 33.1221 1.39607
5941 10 6 0.25 0.242061 80.795 0.097 33.9513 1.43618
5942 4 7 -0.272727 0.290081 80.795 0.097 34.8064 1.47652
5943 11 15 -0.153846 0.193781 80.795 0.097 35.3855 1.50071
5944 3 11 -0.571429 0.219328 80.795 0.097 35.9505 1.52704
5945 12 10 0.0909091 0.212318 80.795 0.097 36.4073 1.54416
5947 10 6 0.25 0.242061 80.795 0.097 36.6252 1.54915
5948 12 6 0.333333 0.222222 80.795 0.097 36.846 1.55389
5949 6 1 0.714286 0.26452 80.795 0.097 37.088 1.91932
5950 5 5 0 0.316228 80.795 0.097 37.2813 2.3763
5951 9 10 -0.0526316 0.229098 80.795 0.097 37.734 3.45209
5952 8 7 0.0666667 0.257624 80.795 0.097 37.5484 3.84773
5965 4 2 0.333333 0.3849 80.795 0.097 43.0884 1.80007
5966 14 13 0.037037 0.192318 80.795 0.097 42.5504 1.79125
5967 5 2 0.428571 0.341494 80.795 0.097 42.2282 1.78613
5968 5 8 -0.230769 0.269864 80.795 0.097 41.9446 1.77424
5971 6 1 0.714286 0.26452 80.795 0.097 41.5319 1.74734
5974 16 14 0.0666667 0.182168 80.795 0.097 41.2604 1.72971
5975 6 5 0.0909091 0.300263 80.795 0.097 40.973 1.71368
5976 15 14 0.0344828 0.185585 80.795 0.097 40.8687 1.71067
5979 0 1 -1 0 80.795 0.097 40.7744 1.70783
5980 3 4 -0.142857 0.374088 80.795 0.097 40.7441 1.70699
5985 18 13 0.16129 0.177254 80.795 0.097 40.8302 1.7098
5986 9 13 -0.181818 0.209647 80.795 0.097 40.8952 1.71203
5987 11 12 -0.0434783 0.208317 80.795 0.097 40.8882 1.71337
5988 17 8 0.36 0.18659 80.795 0.097 40.7952 1.71402
5989 12 6 0.333333 0.222222 80.795 0.097 40.7349 1.71443
5990 21 17 0.105263 0.16132 80.795 0.097 40.5453 1.70289
5991 8 18 -0.384615 0.18103 80.795 0.097 40.3415 1.68714
5994 14 8 0.272727 0.205119 80.795 0.097 40.1928 1.67316
5995 4 4 0 0.353553 80.795 0.097 40.2741 1.67693
5996 3 7 -0.4 0.289828 80.795 0.097 40.3707 1.68119
5997 9 10 -0.0526316 0.229098 80.795 0.097 40.52 1.68827
5998 15 10 0.2 0.195959 80.795 0.097 40.6506 1.69412
5999 15 6 0.428571 0.197162 80.795 0.097 40.7344 1.69778
6001 7 8 -0.0666667 0.257624 80.795 0.097 40.827 1.70206
6002 0 3 -1 0 80.795 0.097 40.8831 1.70472
6003 15 8 0.304348 0.198623 80.795 0.097 40.8502 1.70459
6004 6 10 -0.25 0.242061 80.795 0.097 40.754 1.70351
6005 10 14 -0.166667 0.201269 80.795 0.097 40.6664 1.70245
6006 13 10 0.130435 0.206733 80.795 0.097 40.5885 1.70151
6007 10 8 0.111111 0.234243 80.795 0.097 42.7624 2.16429
6008 16 10 0.230769 0.190823 80.795 0.097 48.327 3.45032
6009 4 6 -0.2 0.309839 80.795 0.097 53.818 4.68698
6010 11 11 0 0.213201 80.795 0.097 59.5275 5.93308
6012 10 6 0.25 0.242061 80.795 0.097 39.5778 1.64698
6013 15 14 0.0344828 0.185585 80.795 0.097 39.7799 1.65469
6014 16 9 0.28 0.192 80.795 0.097 40.023 1.66406
6016 15 12 0.111111 0.191258 80.795 0.097 40.1982 1.67366
6017 20 12 0.25 0.171163 80.795 0.097 40.2485 1.67954
6018 12 12 0 0.204124 80.795 0.097 40.2812 1.68356
6019 7 8 -0.0666667 0.257624 80.795 0.097 40.3549 1.68757
6020 16 14 0.0666667 0.182168 80.795 0.097 40.4354 1.69044
6024 5 9 -0.285714 0.25612 80.795 0.097 40.5607 1.69436
6025 12 19 -0.225806 0.174966 80.795 0.097 40.597 1.69659
6026 9 14 -0.217391 0.203528 80.795 0.097 40.6044 1.69899
6027 19 12 0.225806 0.174966 80.795 0.097 40.6107 1.70105
6028 14 13 0.037037 0.192318 80.795 0.097 40.622 1.70196
6029 14 13 0.037037 0.192318 80.795 0.097 40.6364 1.70154
6030 3 7 -0.4 0.289828 80.795 0.097 40.6494 1.70117
6031 6 8 -0.142857 0.26452 80.795 0.097 40.6626 1.70077
6032 3 1 0.5 0.433013 80.795 0.097 40.6745 1.70106
6033 10 16 -0.230769 0.190823 80.795 0.097 40.694 1.7022
6034 11 5 0.375 0.231756 80.795 0.097 40.7329 1.70442
6035 4 11 -0.466667 0.22836 80.795 0.097 40.7643 1.70618
6036 16 13 0.103448 0.184699 80.795 0.097 40.701 1.70661
6037 15 13 0.0714286 0.1885 80.795 0.097 40.5331 1.70615
6038 7 16 -0.391304 0.191888 80.795 0.097 40.3863 1.70574
6039 15 14 0.0344828 0.185585 80.795 0.097 40.2572 1.70538
6040 16 12 0.142857 0.187044 80.795 0.097 40.1859 1.70083
6041 12 18 -0.2 0.178885 80.795 0.097 40.1965 1.69271
6042 11 11 0 0.213201 80.795 0.097 40.2059 1.68576
6043 17 13 0.133333 0.180944 80.795 0.097 40.218 1.67663
6044 9 11 -0.1 0.222486 80.795 0.097 40.2557 1.67594
6048 9 13 -0.181818 0.209647 80.795 0.097 40.344 1.68323
6050 17 12 0.172414 0.182914 80.795 0.097 40.4033 1.68801
6051 13 11 0.0833333 0.203414 80.795 0.097 40.4511 1.69003
6052 9 16 -0.28 0.192 80.795 0.097 40.4933 1.69034
6053 4 2 0.333333 0.3849 80.795 0.097 40.5341 1.69064
6060 11 12 -0.0434783 0.208317 80.795 0.097 40.5324 1.68718
6061 14 12 0.0769231 0.195535 80.795 0.097 40.4186 1.67945
6062 11 6 0.294118 0.231808 80.795 0.097 40.338 1.67382
6063 13 13 0 0.196116 80.795 0.097 40.3212 1.67421
6064 10 6 0.25 0.242061 80.795 0.097 40.3612 1.67976
6065 10 4 0.428571 0.241473 80.795 0.097 40.4038 1.68609
6066 14 15 -0.0344828 0.185585 80.795 0.097 40.4441 1.69166
6068 7 7 0 0.267261 80.795 0.097 40.4597 1.69388
6069 6 5 0.0909091 0.300263 80.795 0.097 40.4534 1.69309
6070 13 13 0 0.196116 80.795 0.097 40.4445 1.69197
6071 11 9 0.1 0.222486 80.795 0.097 40.434 1.69062
6072 11 6 0.294118 0.231808 80.795 0.097 40.4261 1.68955
6073 16 14 0.0666667 0.182168 80.795 0.097 40.4624 1.6947
6074 10 8 0.111111 0.234243 80.795 0.097 40.5379 1.70499
6075 10 8 0.111111 0.234243 80.795 0.097 40.6312 1.71778
6076 3 5 -0.25 0.342327 80.795 0.097 40.6796 1.72446
6077 9 11 -0.1 0.222486 80.795 0.097 40.6529 1.72024
6078 10 8 0.111111 0.234243 80.795 0.097 40.5622 1.70591
6079 4 5 -0.111111 0.331269 80.795 0.097 40.5165 1.69826
6081 13 10 0.130435 0.206733 80.795 0.097 40.4429 1.68687
6082 10 8 0.111111 0.234243 80.795 0.097 -1 -1
6083 18 14 0.125 0.17539 80.795 0.097 -1 -1
