Q2_avg = 9.67986
tau_avg = 2.75045
epsilon_avg = 0.583036
Px_avg = 0.992226
Pz_avg = -0.0337552
