Q2_avg = 9.67463
tau_avg = 2.74896
epsilon_avg = 0.583778
Px_avg = 0.992244
Pz_avg = -0.0343016
total_good_events = 2035
