Aphys = 0.327447
err_Aphys_stat = 0.0987682
err_Aphys_sys = 0.0434573

err_Aacc_sys = 0.00537618
err_Aacc_sys_% = 1.53046

err_Api_sys = 0
err_Api_sys_% = 0

err_Ain_sys = 0.0406419
err_Ain_sys_% = 87.4625

err_Ap_sys = 0
err_Ap_sys_% = 0

err_Afsi_sys = 0
err_Afsi_sys_% = 0

err_fN2_sys_% = 0.000137532
err_fN2_sys_% = 0.00100156

err_facc_sys = 0.00168861
err_facc_sys_% = 0.150984

err_fpi_sys = 0
err_fpi_sys_% = 0

err_fin_sys = 0.00939748
err_fin_sys_% = 4.67623

err_fp_sys = 0.00221682
err_fp_sys_% = 0.260216

err_ffsi_sys = 0
err_ffsi_sys_% = 0

err_Ptar_sys = 0.0104108
err_Ptar_sys_% = 5.73906

err_Pn_sys = 0.00170545
err_Pn_sys_% = 0.154011

err_Pbeam_sys = 0.000693987
err_Pbeam_sys_% = 0.0255021
