Aphys = 0.244673
err_Aphys_stat = 0.0657708
err_Aphys_sys = 0.040576

err_Aacc_sys = 0.00358006
err_Aacc_sys_% = 0.778468

err_Api_sys = 0
err_Api_sys_% = 0

err_Ain_sys = 0.039482
err_Ain_sys_% = 94.68

err_Ap_sys = 0
err_Ap_sys_% = 0

err_Afsi_sys = 0
err_Afsi_sys_% = 0

err_fN2_sys_% = 6.84328e-05
err_fN2_sys_% = 0.000284439

err_facc_sys = 0.000897344
err_facc_sys_% = 0.0489079

err_fpi_sys = 0
err_fpi_sys_% = 0

err_fin_sys = 0.00320108
err_fin_sys_% = 0.622378

err_fp_sys = 0.00114359
err_fp_sys_% = 0.0794328

err_ffsi_sys = 0
err_ffsi_sys_% = 0

err_Ptar_sys = 0.0077791
err_Ptar_sys_% = 3.67553

err_Pn_sys = 0.00127434
err_Pn_sys_% = 0.0986349

err_Pbeam_sys = 0.000518557
err_Pbeam_sys_% = 0.0163326
