total_good_events = 2035
Np = 1089
Nm = 946
A_raw = 0.0702703
err_A_raw = 0.0221128
Np_p = 2505
Np_m = 2447
A_raw_p = 0.0117124
err_Araw_p = 0.0142095
Np_verify = 1089
Nm_verify = 946
A_raw_verify = 0.0539048
err_A_raw_verify = 0.0215922
