Np = 2299
Nm = 2083
A_raw = 0.0492926
err_A_raw = 0.0150881
Np_p = 5898
Np_m = 5887
A_raw_p = 0.00093339
err_Araw_p = 0.0092116
Np_verify = 2299
Nm_verify = 2083
A_raw_verify = 0.0547837
err_A_raw_verify = 0.014496
