Np = 1898
Nm = 1708
A_raw = 0.05269
err_A_raw = 0.0166297
Np_p = 5015
Np_m = 5004
A_raw_p = 0.00109791
err_Araw_p = 0.00999051
Np_verify = 1898
Nm_verify = 1708
A_raw_verify = 0.063474
err_A_raw_verify = 0.0159318
