Np = 2286
Nm = 2058
A_raw = 0.0524862
err_A_raw = 0.0151515
Np_p = 5895
Np_m = 5889
A_raw_p = 0.000509165
err_Araw_p = 0.00921199
Np_verify = 2286
Nm_verify = 2058
A_raw_verify = 0.0553045
err_A_raw_verify = 0.0146149
