Np = 1898
Nm = 1708
A_raw = 0.05269
err_A_raw = 0.0166297
