Np = 1528
Nm = 1335
A_raw = 0.0674118
err_A_raw = 0.0186466
Np_p = 2942
Np_m = 2887
A_raw_p = 0.00943558
err_Araw_p = 0.0130974
Np_verify = 1528
Nm_verify = 1335
A_raw_verify = 0.0758708
err_A_raw_verify = 0.0179228
