Np = 2269
Nm = 2045
A_raw = 0.051924
err_A_raw = 0.0152046
Np_p = 5874
Np_m = 5880
A_raw_p = -0.000510465
err_Araw_p = 0.00922374
Np_verify = 2269
Nm_verify = 2045
A_raw_verify = 0.0534662
err_A_raw_verify = 0.014677
