lambda = -0.52515
sigma_lambda_stat = 0.2
sigma_lambda_sys  = 0.0567689
sigma_lambda      = 0.207901
