lambda = -0.681182
sigma_lambda_stat = 0.235557
sigma_lambda_sys  = 0.165613
sigma_lambda      = 0.287949
