lambda = -0.848936
sigma_lambda_stat = 0.331036
sigma_lambda_sys  = 0.145653
sigma_lambda      = 0.361662
