lambda = -0.572993
sigma_lambda_stat = 0.183865
sigma_lambda_sys  = 0.113432
sigma_lambda      = 0.21604
