lambda = -0.901954
sigma_lambda_stat = 0.360438
sigma_lambda_sys  = 0.209553
sigma_lambda      = 0.416927
