lambda = -0.499369
sigma_lambda_stat = 0.276735
sigma_lambda_sys  = 0.118856
sigma_lambda      = 0.30118
