lambda = -0.502339
sigma_lambda_stat = 0.177945
sigma_lambda_sys  = 0.0618258
sigma_lambda      = 0.18838
