Q2 = 9.67463
tau = 2.74896
epsilon  = 0.583778
Px      = 0.992244
Pz      = -0.0343016
Aacc      = 0.14876+-0.0635672
Api      = -0.00305756+-0.00665673
Ain      = -0.00011745+-0.00088539
Ap       = 0+-0
Afsi     = 0.0003+-0.0005
facc     = 0.029889+-0.00351862
fpi      = 3.72017e-12+-4.14526e-08
fin      = 0.377569+-0.0120125
fp       = 0.0101895+-0.00199355
fN2      = 0.0292343+-0.00069349
ffsi     = 0.0287+-0.0026
lambda = -0.561924+-0.278998(stat) +-0.0384879(sys)
mu_n*G_E/G_M = 1.07499+--0.533736(stat) +--0.073629(sys)
