Q2_avg = 3.87342
tau_avg = 1.1006
epsilon_avg = 0.710757
Px_avg = 0.987582
Pz_avg = -0.0257266
