Q2_avg = 6.83097
tau_avg = 1.94096
epsilon_avg = 0.611426
Px_avg = 0.991802
Pz_avg = -0.0388975
