Q2_avg = 6.82108
tau_avg = 1.93815
epsilon_avg = 0.611926
Px_avg = 0.99149
Pz_avg = -0.0385026
