Q2_avg = 2.26307
tau_avg = 0.643031
epsilon_avg = 0.716025
Px_avg = 0.995521
Pz_avg = -0.0284067
