Aphys = 0.208463
err_Aphys_stat = 0.0283447
err_Aphys_sys = 0.00348113
