Aphys = 0.142145
err_Aphys_stat = 0.0401899
err_Aphys_sys = 0.0151409
err_Aacc_sys_% = 11.3712
err_Api_sys_% = 0
err_Ain_sys_% = 88.0915
err_Ap_sys_% = 0
err_Afsi_sys_% = 0
err_fN2_sys_% = 0.00878421
err_facc_sys_% = 0.132592
err_fpi_sys_% = 0
err_fin_sys_% = 0.102864
err_fp_sys_% = 0.0459516
err_ffsi_sys_% = 0
err_Ptar_sys_% = 0.000574021
err_Pn_sys_% = 0.239088
err_Pbeam_sys_% = 0.007541
