Aphys = 0.189801
err_Aphys_stat = 0.0265708
err_Aphys_sys = 0.0141175
