Aphys = 0.197884
err_Aphys_stat = 0.0275831
err_Aphys_sys = 0.00438059
