Aphys = 0.18486
err_Aphys_stat = 0.0257677
err_Aphys_sys = 0.0040105
