Aphys = 0.146031
err_Aphys_stat = 0.035543
err_Aphys_sys = 0.013629
err_Aacc_sys_% = 16.1132
err_Api_sys_% = 0
err_Ain_sys_% = 79.6153
err_Ap_sys_% = 0
err_Afsi_sys_% = 0
err_fN2_sys_% = 0.00311836
err_facc_sys_% = 0.178281
err_fpi_sys_% = 0
err_fin_sys_% = 0.385706
err_fp_sys_% = 0.0351994
err_ffsi_sys_% = 0
err_Ptar_sys_% = 3.34792
err_Pn_sys_% = 0.311429
err_Pbeam_sys_% = 0.00982269
