Np = 7734
Nm = 7307
A_raw = 0.0283891
err_A_raw = 0.00815054
