Np = 6618
Nm = 6190
A_raw = 0.0334166
err_A_raw = 0.00883114
