Np = 1665
Nm = 1495
A_raw = 0.0537975
err_A_raw = 0.0177634
