Np = 14657
Nm = 13344
A_raw = 0.0468912
err_A_raw = 0.00596946
