Np = 1281
Nm = 1207
A_raw = 0.0297428
err_A_raw = 0.0200393
