lambda = -0.141762
sigma_lambda_stat = 0.26862
sigma_lambda_sys  = 0.159481
sigma_lambda      = 0.312395
