lambda = -0.387091
sigma_lambda_stat = 0.064332
sigma_lambda_sys  = 0.00790088
sigma_lambda      = 0.0648154
