lambda = -0.337969
sigma_lambda_stat = 0.0590433
sigma_lambda_sys  = 0.0313707
sigma_lambda      = 0.0668598
