lambda = -0.327337
sigma_lambda_stat = 0.0569648
sigma_lambda_sys  = 0.00886603
sigma_lambda      = 0.0576506
