lambda = -0.164999
sigma_lambda_stat = 0.0481816
sigma_lambda_sys  = 0.0184753
sigma_lambda      = 0.0516024
