lambda = -0.35739
sigma_lambda_stat = 0.0618742
sigma_lambda_sys  = 0.0098265
sigma_lambda      = 0.0626496
