lambda = -0.429219
sigma_lambda_stat = 0.311224
sigma_lambda_sys  = 0.148915
sigma_lambda      = 0.345016
