#run A_phys dA_stat
3510 5.39078 0
3511 -0.00278852 3.81346
3512 5.38913 0
3514 5.38772 0
3515 5.38612 0
3517 -1.24604 1.45387
3518 0.595544 1.78387
3519 2.84682 1.10751
3520 -1.79604 1.4642
3521 -0.771114 2.01197
3523 0.594655 1.78121
3524 0.355452 1.38433
3525 -1.79309 1.46179
3526 -3.22397 1.92075
3552 -0.00267285 2.11037
3553 -0.00275856 1.88624
3554 5.44846 0
3555 0.363921 1.41731
3556 -1.27941 1.49281
3557 2.1341 1.42245
3558 2.05262 1.18993
3559 -0.00288724 1.97423
3560 0.425199 1.53888
3561 2.13819 1.42518
3562 1.5737 1.41326
3578 2.12256 1.41476
3579 0.551773 1.234
3580 -0.621677 1.30454
3581 -1.29413 1.50999
3582 2.77012 2.40148
3583 1.83414 2.9998
3588 3.03627 1.51617
3589 -2.29486 1.23025
3590 -0.438534 1.56594
3591 1.35434 1.2082
3592 0.434419 1.57225
3593 -0.301487 1.29956
3594 1.88206 1.25665
3595 -2.32617 1.24704
3596 -2.81913 2.43892
3671 2.55921 2.21864
3672 3.45844 1.57978
3673 1.45408 1.54954
3694 -3.49025 1.2916
3695 -2.74728 1.36931
3696 -0.00258753 3.5386
3697 -0.00258438 1.76714
3698 4.98659 0
3701 -2.00256 1.44912
3702 -0.719803 0.939046
3703 -2.0494 1.04865
3704 -0.00267724 1.22043
3705 -1.15856 1.19534
3706 5.21098 0
3708 2.58607 2.24192
3709 1.56164 1.02089
3710 1.38858 1.04634
3711 -2.39236 1.16939
3712 -0.00270137 1.39631
3713 -0.00271965 1.23976
3714 1.92668 1.11692
3715 -0.00270038 0.953508
3716 -0.00270028 1.16776
3717 1.19677 0.991829
3718 -3.41806 1.55891
3719 -1.70785 1.2453
3720 5.09903 0
3721 5.08142 0
3722 2.489 1.52577
3723 1.24091 1.70271
3729 -0.343654 1.31778
3730 1.66023 2.71536
3731 -1.68798 1.94609
3732 1.72695 1.06756
3733 -0.00268031 2.11626
3734 0.572041 1.21161
3737 3.27834 1.19917
3738 -0.861802 1.46725
3739 1.93411 1.19696
3740 -0.43296 1.05032
3741 -0.647325 1.2792
3742 -0.00265037 2.56293
3747 5.08946 0
3748 -0.00257885 1.33297
3749 3.19548 1.16886
3750 -0.720358 1.87954
3752 1.51668 1.08025
3753 -1.70191 1.96216
3754 1.27598 1.75083
3755 1.47251 1.32238
3756 1.73168 1.15625
3758 -0.352227 1.35065
3759 -0.406607 1.45194
3761 1.04784 2.30166
3762 0.434533 1.0673
3763 -0.00271628 1.07233
3764 2.6206 1.31166
3765 -0.954388 1.09735
3766 -1.04758 1.02376
3767 -0.431126 1.53949
3782 4.73528 0
3784 -3.41896 1.26522
3786 -0.00246193 3.36684
3787 1.19464 1.63922
3788 0.436978 1.45155
3789 1.34985 1.43847
3790 -0.00258441 3.53432
3791 1.66761 1.57468
3792 -4.99698 0
3795 4.97476 0
3796 -6.09064 0
3810 -0.434761 1.42785
3811 0.529912 1.58728
3812 2.1751 1.2866
3813 -1.20538 1.64713
3815 4.76872 0
3822 -0.00248306 2.40114
3823 -0.958335 1.48082
3824 -0.371622 1.32701
3825 1.40764 1.11138
3826 -1.12169 1.30879
3827 1.83426 1.13517
3828 0.616402 1.22821
3829 -0.00257517 1.57495
3830 -1.31367 1.1027
3832 0.38078 1.37811
3833 1.9857 1.44064
3835 -1.46691 1.15411
3836 -1.35707 1.44069
3837 2.97328 1.02448
3838 -0.992903 1.53423
3839 0.822228 1.40859
3840 2.034 1.09315
3841 2.74387 1.37016
3842 -0.331485 1.27112
3843 -1.64555 1.34151
3844 0.544052 1.62963
3846 -0.00252775 1.54595
3847 0.605605 1.2067
3848 0.438417 1.45633
3849 0.229315 1.06118
3850 -0.00253983 1.15779
3851 -0.295365 1.20512
3852 -0.619091 1.01997
3853 -2.0575 1.36772
3854 -1.61136 1.44185
3855 -0.65444 1.37329
3856 -0.00340814 1.40529
3857 -1.38464 3.02576
3858 -0.00410029 2.5077
3859 -1.35078 1.9317
3860 -0.00472063 3.22786
3861 -1.10232 3.27127
3864 -0.00278851 1.55683
3866 1.19692 1.40283
3868 1.37949 1.47006
3869 0.562392 1.19117
3878 2.85984 1.70675
3880 0.479201 1.0717
3881 -0.00250091 1.97462
3882 0.811376 1.39
3883 -0.985328 1.24314
3884 1.23425 1.19753
3885 1.35445 1.44338
3889 -1.42896 1.51701
3890 -0.882264 1.06214
3923 2.09815 1.67387
3924 -4.88313 0
3926 0.443499 1.04172
3927 3.43993 0.995182
3928 -1.36997 1.45439
3929 -0.720293 1.32891
3930 0.716196 1.88226
3931 -0.840541 1.43106
3932 1.19954 1.0701
3933 1.48132 1.16955
3934 3.59803 1.33342
3935 -2.52458 1.26099
3936 -1.48434 1.16782
3937 0.501479 1.12152
3938 1.67842 1.94109
3939 -0.00260347 1.59226
3940 -0.72391 1.33559
3941 -0.222223 1.05222
3942 0.558792 1.67379
3944 1.37602 1.46636
3945 -1.68829 2.7527
3946 -0.634908 1.25467
3947 -2.53293 1.26516
3948 -1.90114 1.17332
3951 -5.06789 0
3952 0.238627 1.10427
3954 0.895294 1.21471
3955 2.08084 1.11832
3956 -0.563505 1.67226
3957 0.836191 1.01294
3959 -1.50317 1.06695
3960 -0.00257905 1.33308
3961 1.46059 1.15319
3962 -0.00256847 2.48373
3963 -0.711026 1.85519
3964 0.493698 1.10412
3965 4.96296 0
3966 -0.0025623 1.32442
3967 -4.92058 0
3968 0.689578 1.8123
3970 -0.179376 0.918601
3972 -1.98463 1.06394
3973 -0.00248723 1.20259
3974 0.532872 1.59614
3975 -0.806765 1.37355
3976 -2.42777 1.48516
3977 -1.11378 1.29955
3978 -0.00247834 1.9568
3980 -0.00245291 2.37198
3981 -4.73621 0
3983 1.57583 2.57732
3985 -1.2918 1.3714
3986 -0.00245484 3.35713
3996 -1.21857 1.66515
3998 -0.0025565 2.47216
4023 -0.00260622 3.56415
4024 5.04116 0
4025 5.04818 0
4027 1.68413 2.75445
4028 -2.20701 1.24201
4029 1.68461 1.37762
4030 1.68235 2.75153
4031 -2.52355 1.54376
4032 -2.50467 2.16687
4034 -1.67313 2.72798
4035 -1.0032 2.19223
4036 -1.66891 2.72109
4037 0.995878 2.18751
4038 0.994971 2.18552
4043 -1.66259 2.7108
4044 -1.99188 1.4414
4046 -0.00256182 3.50344
4048 -282.563 -0
4051 128.65 -75.9251
4052 -94.09 -108.815
4053 21.893 -78.1769
4054 94.3823 -76.9437
4055 0.146177 -141.354
4056 94.3823 -153.887
4057 70.8234 -96.7788
4058 0.146177 -89.4004
4059 2.0836 1.66226
4060 -0.0025147 1.53797
4061 -0.00251341 1.98448
4062 -2.42888 1.48584
4063 1.20617 1.65504
4064 -0.00247337 1.69124
4065 -0.00244234 1.49371
4066 -4.70748 0
4067 -0.00241588 2.33617
4068 0.423219 1.40584
4069 0.668173 1.75605
4070 4.6963 0
4071 3.13552 1.43227
4072 -0.00243222 1.25719
4073 -0.0024233 3.314
4074 0.667438 1.24034
4075 1.99405 1.59082
4076 -0.00242538 1.65842
4077 1.57227 1.48466
4078 1.05203 1.09048
4079 3.19197 1.45806
4080 0.534561 1.6012
4081 -4.86409 0
4082 -1.61502 1.86198
4083 0.959751 1.4907
4084 -2.36423 1.44629
4085 0.934579 1.18522
4086 1.56559 1.8106
4087 -1.57781 2.57257
4088 0.941004 2.06698
4089 -0.940373 2.05494
4091 -4.61471 0
4092 -4.58682 0
4093 -1.52443 2.48553
4094 -0.00237572 3.24893
4095 2.7657 1.65057
4096 -1.55007 2.52733
4097 -1.56634 2.55387
4098 4.70285 0
4099 -0.00243861 1.66747
4100 -1.57638 1.48392
4101 -0.678855 1.77125
4102 -1.57803 1.15064
4103 4.70693 0
4104 1.5683 1.81373
4105 -1.88739 1.36578
4106 -1.57417 2.56663
4107 -1.57939 2.57515
4114 -0.00259539 1.58731
4115 -1.67241 1.92815
4116 -0.00258763 2.50226
4117 0.381802 1.38181
4118 4.98514 0
4119 3.16553 1.1579
4120 1.98296 1.43866
4121 1.14027 1.33643
4122 -0.00255598 3.49545
4155 -0.00258391 3.53364
4156 -0.00247157 1.37988
4159 -0.951599 2.07947
4160 -0.52341 1.55328
4164 1.57459 1.821
4165 -1.79159 1.10571
4167 1.10799 1.2986
4168 0.697932 1.29701
4169 -2.09251 1.66534
4170 1.62384 1.53335
4171 0.372918 1.34966
4172 4.88007 0
4173 -0.980767 1.23738
4174 -4.88825 0
4175 1.62619 1.53557
4176 1.6263 1.53568
4178 -0.979875 2.14126
4179 1.95232 1.41642
4180 1.43496 1.13295
4181 0.254722 1.11977
4182 -0.700814 1.29298
4186 -1.63208 1.88164
4187 0.254782 1.12003
4188 2.94722 1.24373
4190 -0.00258308 2.0395
4192 5.09263 0
4194 2.44485 2.1195
4195 -0.810722 1.38029
4196 2.58098 1.1213
4197 -3.57366 1.11352
4198 0.176295 0.928389
4199 2.215 1.3102
4200 -0.0025278 1.72845
4201 0.436632 1.4504
4202 4.8049 0
4203 -0.437589 1.01621
4204 -0.960794 2.09957
4214 -0.961523 1.48575
4215 -0.00248274 1.69764
4216 0.958083 1.48811
4217 -1.20343 1.64446
4218 -2.88601 1.7194
4219 -1.605 1.85043
4220 2.13658 1.70452
4223 -0.846427 1.56163
4224 3.2212 1.39944
4230 -5.62459 0
4231 -0.00278434 1.20412
4233 0.852158 1.45986
4234 -2.15268 1.71323
4236 4.87405 0
4251 -0.771851 1.10379
4252 -1.47701 1.04838
4253 1.45256 1.14684
4254 1.28015 0.91961
4256 -0.761211 0.955593
4257 -0.00254876 1.31742
4258 -0.00255578 1.74758
4260 -0.00253462 3.46624
4261 3.31894 1.51606
4262 -0.997779 2.18039
4263 0.991013 1.25679
4264 -0.00256416 2.02455
4265 -0.293098 1.19587
4266 3.5172 1.30346
4273 4.77525 0
4274 0.68365 1.27047
4275 -0.97373 1.2285
4284 -0.0025332 2.00011
4285 1.63026 1.53942
4286 0.696266 1.82988
4288 -3.24529 1.48011
4289 2.54489 0.990055
4290 -1.59362 1.29918
4292 -0.00243902 1.92575
4293 -1.57097 2.56142
4294 -4.69794 0
4297 3.20755 1.03604
4298 -0.972884 2.12599
4299 -0.00258945 2.04452
4300 2.25768 1.80114
4302 5.42652 0
4303 0.472277 1.5688
4304 1.41071 1.50333
4305 -5.16778 0
4307 -0.639827 1.26439
4308 1.01402 1.57498
4309 5.06599 0
4310 2.52685 2.19058
4311 1.00619 2.21016
4315 1.66666 1.92749
4316 -5.00464 0
4320 -0.749692 1.95608
4321 5.24257 0
4323 -1.06379 2.32463
4324 1.76113 1.66299
4328 0.347175 1.35209
4329 0.742413 1.1265
4330 -0.402041 1.43563
4331 5.16413 0
4332 5.15126 0
4333 1.02561 1.59298
4334 2.1964 1.75225
4335 -0.00264966 3.62357
4339 1.05765 2.3232
4341 0.309416 1.28484
4343 -0.00272502 1.52138
4344 1.05654 2.32077
4354 -0.412246 1.47207
4355 -0.00273695 1.24765
4356 -1.06672 1.34583
4357 -0.983088 1.13034
4359 3.78071 1.09377
4360 -0.00282413 1.45976
4361 -0.321331 1.31107
4363 -1.56849 1.23403
4364 -0.00274448 1.32697
4365 -0.00273874 1.67499
4367 2.63319 2.28277
4368 -1.3922 1.16861
4370 -0.482502 1.58464
4371 0.928214 1.25937
4372 -0.521355 1.15398
4374 -1.76301 1.65961
4375 -0.591057 1.75403
4376 -2.12665 1.53892
4378 -0.945697 1.2756
4379 -1.33426 1.28922
4471 -0.00457033 4.41955
4474 -2.68498 4.37776
4475 -0.00415501 4.01793
4476 70.8234 -96.7788
4478 -76.9561 -82.0084
4479 -74.2509 -62.5716
4482 113.23 -81.9369
4483 282.855 -0
4486 -188.326 -86.0254
4487 -201.789 -74.7821
4488 0.146177 -199.905
4490 70.8234 -96.7788
4491 -2.19788 1.96667
4492 -3.31163 2.63559
4493 2.5687 2.97069
4494 2.57791 2.43426
4495 -1.28815 2.19313
4497 -1.77115 2.06657
4498 -1.53143 3.34655
4503 -3.13891 1.68274
4507 2.3179 1.51528
4510 3.82541 2.345
4512 0.360566 1.66856
4514 -0.455886 1.86006
4522 -1.10402 2.03687
4523 -2.39414 1.35954
4524 0.589303 2.1328
4526 2.76593 1.43566
4540 2.50856 2.36877
4543 -0.00383867 3.71203
4547 -1.08154 1.99541
4549 1.53363 1.37527
4552 2.12277 1.59958
4554 -1.5716 1.71716
4556 -0.869708 1.49011
4557 2.5908 1.895
4559 -2.0615 1.73042
4560 1.92277 2.63833
4562 -3.06395 2.21718
4569 1.83586 1.37352
4570 1.09807 1.66616
4571 1.99617 1.43397
4572 0.692018 2.29873
4573 2.9302 1.95308
4574 2.54699 2.08284
4575 0.848629 1.79743
4576 0.423573 1.28067
4577 0.305264 1.54507
4578 -8.23167 0
4579 0.574962 1.52839
4580 -0.00405725 1.34572
4581 -0.93072 1.53338
4582 0.262362 1.43351
4583 -2.15001 1.23694
4585 3.08727 2.23984
4586 -2.11193 2.24206
4587 3.86105 1.93252
