N_plus_all      = 596
N_minus_all     = 561
A_acc           = 0.0302506
err_A_acc       = 0.0293856
accidental_events = 265
QE_events       = 13289
f_acc           = 0.0199413
err_f_acc       = 0.00121271
