N_plus_all      = 206
N_minus_all     = 149
A_acc           = 0.160563
err_A_acc       = 0.0523859
accidental_events = 44
QE_events       = 4999
f_acc           = 0.00880176
err_f_acc       = 0.00132692
