par0 = 0.477586
par1 = 0.124542
par2 = 0.843543
background_fraction = 0.672239
err_inelastic_fraction = 0.078508
proton_fraction = 0.0156962
err_proton_fraction = 0.00148607
f_in = 0.522938
err_f_in = 0.078508
f_p = 0.0156962
err_f_p = 0.00148607
inelastic_events_pos = 8421.38
inelastic_events_neg = 8318.27
A_in = 0.00615985
err_A_in = 0.00772892
A_p = 0
err_A_p = 0
