par0 = 0.489118
par1 = 0.141265
par2 = 0.87016
background_fraction = 0.609107
err_inelastic_fraction = 0.0600975
proton_fraction = 0.0134086
err_proton_fraction = 0.00168218
f_in = 0.482959
err_f_in = 0.0600975
f_p = 0.0134086
err_f_p = 0.00168218
inelastic_events_pos = 6007.98
inelastic_events_neg = 6216.56
A_in = -0.0170623
err_A_in = 0.00904316
A_p = 0
err_A_p = 0
