par0 = 0.478187
par1 = 0.173721
par2 = 0.898773
background_fraction = 0.615075
err_inelastic_fraction = 0.0606799
proton_fraction = 0.0143509
err_proton_fraction = 0.00174109
f_in = 0.487692
err_f_in = 0.0606799
f_p = 0.0143509
err_f_p = 0.00174109
inelastic_events_pos = 6066.13
inelastic_events_neg = 6202.09
A_in = -0.0110824
err_A_in = 0.00902782
A_p = 0
err_A_p = 0
W2_fit_events = 4745.76
W2_neutron_events = 2551.8
W2_bkg_events = 2932.96
W2_proton_events = 87.9385
background_fraction_W2_fit = 0.618017
