par0 = 0.572169
par1 = 0.219333
par2 = 0.482318
data events = 4470
background events = 1621.82
background_fraction = 0.362824
err_background_fraction = 0.0105175
proton_fraction = 0.0164941
err_proton_fraction = 0.0019367
f_in_dx = 0.349134
err_f_in_dx = 0.0101372
f_p = 0.0164941
err_f_p = 0.0019367
inelastic_events_pos = 3105.35
inelastic_events_neg = 3446.85
A_in_dx_method = -0.0521206
err_A_in_dx_method = 0.0123372
A_p = 0
err_A_p = 0
W2_data_events = 3690
W2_fit_events = 3690
W2_neutron_events = 2213.19
W2_bkg_events = 1433.37
W2_proton_events = 43.4355
background_fraction_W2_fit = 0.388448
err_background_fraction_W2_fit = 0.0120898
inelastic_fraction_W2_fit = 0.373791
err_inelastic_fraction_W2_fit = 0.01165
f_in = 0.373791
err_f_in = 0.01165
SSR_W2_single_param = 5475.42
SSR_W2_two_param    = 176592
avg_extrap_A_percent = 0.413737
err_avg_extrap_A_percent = 0.108112
A_in = 0.00413737
err_A_in = 0.00108112
num_elastic_points_used = 31
