par0 = 0.494902
par1 = 0.100344
par2 = 0.890719
background_fraction = 0.685252
err_inelastic_fraction = 0.0136852
proton_fraction = 0.0276491
err_proton_fraction = 0.00218069
f_in = 0.673146
err_f_in = 0.0136852
f_p = 0.0276491
err_f_p = 0.00218069
inelastic_events_pos = 8304.32
inelastic_events_neg = 8093.94
A_in = 0.0128294
err_A_in = 0.00780846
A_p = 0
err_A_p = 0
