par0 = 0.48739
par1 = 0.161186
par2 = 0.852375
background_fraction = 0.567313
err_inelastic_fraction = 0.0139598
proton_fraction = 0.0239201
err_proton_fraction = 0.00234683
f_in = 0.559438
err_f_in = 0.0139598
f_p = 0.0239201
err_f_p = 0.00234683
inelastic_events_pos = 5031.17
inelastic_events_neg = 5066.86
A_in = -0.00353447
err_A_in = 0.00995128
A_p = 0
err_A_p = 0
