par0 = 0.383018
par1 = 0.183956
par2 = 1.37583
data events = 18503
background events = 12650.2
background_fraction = 0.683685
err_background_fraction = 0.00788746
proton_fraction = 0.0489185
err_proton_fraction = 0.00166528
f_in_dx = 0.65331
err_f_in_dx = 0.00759279
f_p = 0.0489185
err_f_p = 0.00166528
inelastic_events_pos = 16502.4
inelastic_events_neg = 15885.1
A_in_dx_method = 0.0190619
err_A_in_dx_method = 0.00555562
A_p = 0
err_A_p = 0
W2_data_events = 13289
W2_fit_events = 13289
W2_neutron_events = 8686.11
W2_bkg_events = 4383.7
W2_proton_events = 219.185
background_fraction_W2_fit = 0.329875
err_background_fraction_W2_fit = 0.00574558
inelastic_fraction_W2_fit = 0.315219
err_inelastic_fraction_W2_fit = 0.00550817
f_in = 0.315219
err_f_in = 0.00550817
SSR_W2_single_param = 262740
SSR_W2_two_param    = 3.55734e+06
avg_extrap_A_percent = 0.606546
err_avg_extrap_A_percent = 0.072356
A_in = 0.00606546
err_A_in = 0.00072356
num_elastic_points_used = 33
