par0 = 0.556596
par1 = 0.235986
par2 = 0.50904
data events = 2418
background events = 873.292
background_fraction = 0.361163
err_background_fraction = 0.0142586
proton_fraction = 0.0122078
err_proton_fraction = 0.00226061
f_in_dx = 0.347821
err_f_in_dx = 0.0137446
f_p = 0.0122078
err_f_p = 0.00226061
inelastic_events_pos = 1668.72
inelastic_events_neg = 1783.66
A_in = -0.0332904
err_A_in = 0.0170098
A_p = 0
err_A_p = 0
W2_data_events = 2009
W2_fit_events = 2009
W2_neutron_events = 1144.72
W2_bkg_events = 838.864
W2_proton_events = 25.4201
background_fraction_W2_fit = 0.417553
err_background_fraction_W2_fit = 0.0171647
inelastic_fraction_W2_fit = 0.402128
err_inelastic_fraction_W2_fit = 0.0165446
f_in = 0.402128
err_f_in = 0.0165446
SSR_W2_single_param = 2458.12
SSR_W2_two_param    = 53109.6
