par0 = 0.484057
par1 = 0.144249
par2 = 0.894307
data events = 4816
background events = 2837.27
background_fraction = 0.589134
err_background_fraction = 0.0139426
proton_fraction = 0.0144929
err_proton_fraction = 0.00174726
f_in = 0.468525
err_f_in = 0.0576569
f_p = 0.0144929
err_f_p = 0.00174726
inelastic_events_pos = 6037.16
inelastic_events_neg = 6316.94
A_in = -0.0226466
err_A_in = 0.00899462
A_p = 0
err_A_p = 0
W2_data_events = 5126
W2_fit_events = 5060.79
W2_neutron_events = 1860.7
W2_bkg_events = 3131.31
W2_proton_events = 68.78
background_fraction_W2_fit = 0.610869
err_background_fraction_W2_fit = 0.0138553
