par0 = 0.49477
par1 = 0.0984364
par2 = 0.892886
background_fraction = 0.686735
err_inelastic_fraction = 0.0137061
proton_fraction = 0.0276417
err_proton_fraction = 0.00218039
f_in = 0.674603
err_f_in = 0.0137061
f_p = 0.0276417
err_f_p = 0.00218039
inelastic_events_pos = 2069.59
inelastic_events_neg = 2017.69
A_in = 0.0126966
err_A_in = 0.0156404
A_p = 0
err_A_p = 0
