par0 = 0.489852
par1 = 0.143963
par2 = 0.874186
data events = 4927
background events = 2879.56
background_fraction = 0.584445
err_background_fraction = 0.0137094
proton_fraction = 0.0147084
err_proton_fraction = 0.00174045
f_in = 0.465494
err_f_in = 0.0571818
f_p = 0.0147084
err_f_p = 0.00174045
inelastic_events_pos = 6156.19
inelastic_events_neg = 6386.33
A_in = -0.0183488
err_A_in = 0.00892759
A_p = 0
err_A_p = 0
W2_data_events = 5127
W2_fit_events = 5127
W2_neutron_events = 2702.48
W2_bkg_events = 2323.5
W2_proton_events = 101.022
background_fraction_W2_fit = 0.453189
err_background_fraction_W2_fit = 0.0113336
