par0 = 0.503952
par1 = 0.156073
par2 = 0.742048
background_fraction = 0.593943
err_inelastic_fraction = 0.0697613
proton_fraction = 0.0143141
err_proton_fraction = 0.0018069
f_in = 0.462031
err_f_in = 0.0697613
f_p = 0.0143141
err_f_p = 0.0018069
inelastic_events_pos = 4572.04
inelastic_events_neg = 4698.07
A_in = -0.0135948
err_A_in = 0.0103853
A_p = 0
err_A_p = 0
