N_N2_sim = 26167
N_He3_sim = 23222
N_N2_sim_integral = 1.00256e-33
N_He3_sim_integral = 8.42737e-34
nentries_N2 = 372405
nentries_He3 = 1631780
S = 0.372339
Nitrogen fraction = 0.065432
f_N2 = 0.065432
err_f_N2 = 0.0015328
