N_N2_sim = 26167
N_He3_sim = 22885
N_N2_sim_integral = 1.00256e-33
N_He3_sim_integral = 8.28989e-34
nentries_N2 = 372405
nentries_He3 = 1611479
S = 0.373805
Nitrogen fraction = 0.0656896
f_N2 = 0.0656896
err_f_N2 = 0.00153879
