N_N2_sim = 284676
N_He3_sim = 151678
N_N2_sim_integral = 1.12555e-32
N_He3_sim_integral = 5.64948e-33
nentries_N2 = 1659646
nentries_He3 = 1625092
S = 0.139345
Nitrogen fraction = 0.0244875
f_N2 = 0.0244875
err_f_N2 = 0.000578185
