N_N2_sim = 220937
N_He3_sim = 6165
N_N2_sim_integral = 8.7634e-33
N_He3_sim_integral = 2.31344e-34
nentries_N2 = 1659646
nentries_He3 = 96562
S = 0.157426
Nitrogen fraction = 0.0276649
f_N2 = 0.0276649
err_f_N2 = 0.000655469
