N_N2_sim = 220937
N_He3_sim = 103018
N_N2_sim_integral = 8.47857e-33
N_He3_sim_integral = 3.56711e-33
nentries_N2 = 1659646
nentries_He3 = 1625092
S = 0.166242
Nitrogen fraction = 0.0292141
f_N2 = 0.0292141
err_f_N2 = 0.000693693
