Cpi_pos = 0.242108
Cpi_neg = 0.243558
pos_integral = 10994.1
neg_integral = 11027.1
asymCpi = -0.00298657
err_asymCpi = 1.43493
asymIntegral = -0.0014979
err_asymIntegral = 0.00673874
asymGrinch = 0.0122905
err_asymGrinch = 0.0334238
pi_events_all = 3.26071
QE_events_all = 4289
A_pi = 0.0122905
err_A_pi = 0.0334238
f_pi = 0.000760249
err_f_pi = 0.000421177
