Cpi_pos = 0.141351
Cpi_neg = 0.140745
pos_integral = 7547.45
neg_integral = 7532.52
asymCpi = 0.00214974
err_asymCpi = 1.88278
asymIntegral = 0.000989929
err_asymIntegral = 0.00814328
asymGrinch = 0.0326797
err_asymGrinch = 0.0571357
A_pi = 0.0326797
err_A_pi = 0.0571357
f_pi = 0.130488
err_f_pi = 0.0960191
