Cpi_pos = 0.300148
Cpi_neg = 0.302919
pos_integral = 28018.3
neg_integral = 28199.3
asymCpi = -0.00459417
err_asymCpi = 0.00438775
asymIntegral = -0.00322109
err_asymIntegral = 0.00421756
asymGrinch = 0.00113515
err_asymGrinch = 0.00325712
pi_events_all = 1.51307e-08
QE_events_all = 13294
A_pi = 0.00113515
err_A_pi = 0.00325712
f_pi = 1.08222e-12
err_f_pi = 8.798e-09
