Cpi_pos = 0.141662
Cpi_neg = 0.140825
pos_integral = 7550.7
neg_integral = 7524.84
asymCpi = 0.00296141
err_asymCpi = 1.88148
asymIntegral = 0.00171534
err_asymIntegral = 0.00814447
asymGrinch = 0.0394737
err_asymGrinch = 0.0573092
A_pi = 0.0394737
err_A_pi = 0.0573092
f_pi = 0.132579
err_f_pi = 0.0968751
