Cpi_pos = 0.239296
Cpi_neg = 0.240267
pos_integral = 10849.2
neg_integral = 10862.5
asymCpi = -0.00202486
err_asymCpi = 0.00707801
asymIntegral = -0.000611243
err_asymIntegral = 0.00678661
asymGrinch = -0.00231279
err_asymGrinch = 0.00506928
pi_events_all = 5.0483e-09
QE_events_all = 3690
A_pi = -0.00231279
err_A_pi = 0.00506928
f_pi = 1.3186e-12
err_f_pi = 1.85585e-08
