Cpi_pos = 0.111893
Cpi_neg = 0.115355
pos_integral = 4253.51
neg_integral = 4395.25
asymCpi = -0.0152328
err_asymCpi = 2.09749
asymIntegral = -0.0163886
err_asymIntegral = 0.0107514
asymGrinch = 0.00483092
err_asymGrinch = 0.069504
A_pi = 0.00483092
err_A_pi = 0.069504
f_pi = 0
err_f_pi = 0
