Cpi_pos = 0.135626
Cpi_neg = 0.139795
pos_integral = 5155.68
neg_integral = 5326.46
asymCpi = -0.0151369
err_asymCpi = 1.90525
asymIntegral = -0.0162927
err_asymIntegral = 0.00976601
asymGrinch = 0.00483092
err_asymGrinch = 0.069504
A_pi = 0.00483092
err_A_pi = 0.069504
f_pi = 0.151573
err_f_pi = 0.115874
