#run N+ N- A_raw_p dA_raw_p
5044 1 1 0 0.707107
5045 3 3 0 0.408248
5046 2 2 0 0.5
5047 14 19 -0.151515 0.172068
5048 44 39 0.060241 0.109565
5049 3 2 0.2 0.438178
5053 15 17 -0.0625 0.176431
5054 7 10 -0.176471 0.238729
5086 9 10 -0.0526316 0.229098
5090 27 28 -0.0181818 0.134818
5091 50 36 0.162791 0.106394
5093 33 35 -0.0294118 0.121215
5094 8 10 -0.111111 0.234243
5095 35 34 0.0144928 0.120373
5096 3 2 0.2 0.438178
5099 9 20 -0.37931 0.171818
5100 16 16 0 0.176777
5101 12 4 0.5 0.216506
5102 14 11 0.12 0.198555
5103 21 24 -0.0666667 0.14874
5104 12 19 -0.225806 0.174966
5105 3 3 0 0.408248
5106 12 7 0.263158 0.221329
5107 30 22 0.153846 0.137024
5108 46 45 0.010989 0.104822
5109 5 3 0.25 0.342327
5110 20 23 -0.0697674 0.152127
5112 15 18 -0.0909091 0.173357
5113 25 29 -0.0740741 0.135709
5114 31 20 0.215686 0.136732
5115 29 24 0.0943396 0.136748
5116 23 28 -0.0980392 0.139353
5121 28 31 -0.0508475 0.130021
5122 18 21 -0.0769231 0.159654
5124 26 22 0.0833333 0.143836
5126 23 11 0.352941 0.160462
5127 25 22 0.0638298 0.145568
5129 11 4 0.466667 0.22836
5135 5 11 -0.375 0.231756
5140 6 3 0.333333 0.31427
5142 8 4 0.333333 0.272166
5143 15 6 0.428571 0.197162
5145 20 19 0.025641 0.160076
5146 24 13 0.297297 0.156966
5147 27 22 0.102041 0.142111
5148 21 15 0.166667 0.164336
5152 18 21 -0.0769231 0.159654
5153 26 20 0.130435 0.146182
5154 25 37 -0.193548 0.124599
5155 3 3 0 0.408248
5156 16 9 0.28 0.192
5164 13 24 -0.297297 0.156966
5165 17 16 0.030303 0.173998
5167 12 16 -0.142857 0.187044
5176 22 24 -0.0434783 0.147303
5183 19 24 -0.116279 0.151464
5185 28 27 0.0181818 0.134818
5186 27 32 -0.0847458 0.129721
5187 1 5 -0.666667 0.30429
5188 1 2 -0.333333 0.544331
5301 13 12 0.04 0.19984
5302 16 15 0.0322581 0.179512
5303 19 13 0.1875 0.173641
5315 16 19 -0.0857143 0.168409
5316 15 18 -0.0909091 0.173357
5317 9 12 -0.142857 0.21598
5318 25 22 0.0638298 0.145568
5320 20 18 0.0526316 0.161997
5321 9 12 -0.142857 0.21598
5322 13 19 -0.1875 0.173641
5323 19 21 -0.05 0.157916
5324 21 15 0.166667 0.164336
5364 4 7 -0.272727 0.290081
5378 21 20 0.0243902 0.156127
5379 16 19 -0.0857143 0.168409
5380 20 17 0.0810811 0.163858
5385 3 3 0 0.408248
5386 11 10 0.047619 0.21797
5387 7 10 -0.176471 0.238729
5388 7 17 -0.416667 0.185561
5406 17 17 0 0.171499
5407 4 2 0.333333 0.3849
5408 24 21 0.0666667 0.14874
5409 16 24 -0.2 0.154919
5411 2 2 0 0.5
5412 18 23 -0.121951 0.155008
5414 5 3 0.25 0.342327
5416 16 27 -0.255814 0.147424
5461 8 8 0 0.25
5462 26 16 0.238095 0.149866
5463 16 15 0.0322581 0.179512
5464 19 11 0.266667 0.175963
5465 2 5 -0.428571 0.341494
5466 8 13 -0.238095 0.211942
5467 12 2 0.714286 0.187044
5468 35 34 0.0144928 0.120373
5469 23 26 -0.0612245 0.142589
5470 20 23 -0.0697674 0.152127
5471 9 18 -0.333333 0.181444
5472 30 35 -0.0769231 0.123667
5476 34 26 0.133333 0.127947
5477 22 19 0.0731707 0.155755
5478 9 9 0 0.235702
5479 4 5 -0.111111 0.331269
5480 27 21 0.125 0.143205
5481 26 24 0.04 0.141308
5482 2 4 -0.333333 0.3849
5483 18 29 -0.234043 0.141814
5484 30 21 0.176471 0.13783
5485 12 20 -0.25 0.171163
5486 16 16 0 0.176777
5494 11 16 -0.185185 0.189121
5495 25 26 -0.0196078 0.140001
5496 20 15 0.142857 0.167297
5497 1 3 -0.5 0.433013
5499 3 4 -0.142857 0.374088
5501 8 14 -0.272727 0.205119
5502 27 19 0.173913 0.145195
5503 19 22 -0.0731707 0.155755
5504 23 25 -0.0416667 0.144212
5505 18 19 -0.027027 0.164339
5506 33 38 -0.0704225 0.118384
5507 35 44 -0.113924 0.111776
5508 38 33 0.0704225 0.118384
5511 25 27 -0.0384615 0.138572
5512 29 22 0.137255 0.138703
5513 25 33 -0.137931 0.130051
5514 19 19 0 0.162221
5515 21 37 -0.275862 0.126211
5517 10 7 0.176471 0.238729
5518 14 19 -0.151515 0.172068
5519 17 15 0.0625 0.176431
5523 23 23 0 0.147442
5524 31 21 0.192308 0.136087
5525 24 28 -0.0769231 0.138264
5526 20 23 -0.0697674 0.152127
5527 33 34 -0.0149254 0.122156
5529 28 24 0.0769231 0.138264
5531 24 18 0.142857 0.152721
5532 13 11 0.0833333 0.203414
5533 3 7 -0.4 0.289828
5537 6 14 -0.4 0.204939
5538 6 10 -0.25 0.242061
5539 22 25 -0.0638298 0.145568
5541 27 27 0 0.136083
5543 24 21 0.0666667 0.14874
5544 23 36 -0.220339 0.126989
5545 9 10 -0.0526316 0.229098
5548 20 10 0.333333 0.172133
5549 6 0 1 0
5550 15 11 0.153846 0.193781
5571 8 6 0.142857 0.26452
5572 29 20 0.183673 0.140427
5573 24 29 -0.0943396 0.136748
5574 23 22 0.0222222 0.149034
5575 16 14 0.0666667 0.182168
5576 26 43 -0.246377 0.116675
5577 14 27 -0.317073 0.148115
5578 25 26 -0.0196078 0.140001
5579 24 29 -0.0943396 0.136748
5580 17 16 0.030303 0.173998
5581 4 2 0.333333 0.3849
5582 10 13 -0.130435 0.206733
5583 4 4 0 0.353553
5584 18 25 -0.162791 0.150464
5586 20 17 0.0810811 0.163858
5589 7 4 0.272727 0.290081
5592 28 13 0.365854 0.145347
5593 6 4 0.2 0.309839
5596 8 9 -0.0588235 0.242116
5597 21 10 0.354839 0.167918
5598 20 21 -0.0243902 0.156127
5599 15 28 -0.302326 0.145362
5600 27 39 -0.181818 0.12104
5601 7 10 -0.176471 0.238729
5602 21 31 -0.192308 0.136087
5603 17 23 -0.15 0.156325
5604 27 25 0.0384615 0.138572
5605 7 7 0 0.267261
5606 26 21 0.106383 0.145037
5608 28 28 0 0.133631
5609 16 26 -0.238095 0.149866
5611 37 41 -0.0512821 0.113079
5612 28 35 -0.111111 0.125208
5613 15 23 -0.210526 0.158586
5614 27 31 -0.0689655 0.130994
5615 10 4 0.428571 0.241473
5616 11 23 -0.352941 0.160462
5617 10 7 0.176471 0.238729
5619 11 22 -0.333333 0.164122
5620 34 25 0.152542 0.128665
5621 15 16 -0.0322581 0.179512
5622 3 1 0.5 0.433013
5623 19 18 0.027027 0.164339
5624 14 6 0.4 0.204939
5625 36 33 0.0434783 0.120272
5626 20 34 -0.259259 0.13143
5627 6 6 0 0.288675
5628 13 12 0.04 0.19984
5629 22 21 0.0232558 0.152457
5630 37 41 -0.0512821 0.113079
5632 30 22 0.153846 0.137024
5633 10 12 -0.0909091 0.212318
5634 19 16 0.0857143 0.168409
5654 1 5 -0.666667 0.30429
5655 11 4 0.466667 0.22836
5659 12 11 0.0434783 0.208317
5660 13 2 0.733333 0.175541
5661 15 16 -0.0322581 0.179512
5663 43 32 0.146667 0.114221
5664 17 25 -0.190476 0.151478
5665 16 19 -0.0857143 0.168409
5666 24 22 0.0434783 0.147303
5667 14 21 -0.2 0.165616
5670 4 3 0.142857 0.374088
5671 27 21 0.125 0.143205
5672 20 21 -0.0243902 0.156127
5673 24 27 -0.0588235 0.139786
5674 24 29 -0.0943396 0.136748
5675 5 5 0 0.316228
5676 12 27 -0.384615 0.147811
5678 11 16 -0.185185 0.189121
5679 12 20 -0.25 0.171163
5683 19 12 0.225806 0.174966
5685 6 7 -0.0769231 0.276528
5686 4 5 -0.111111 0.331269
5688 3 2 0.2 0.438178
5690 22 18 0.1 0.157321
5691 36 20 0.285714 0.12806
5692 25 26 -0.0196078 0.140001
5693 22 18 0.1 0.157321
5694 16 16 0 0.176777
5696 17 31 -0.291667 0.138062
5697 25 22 0.0638298 0.145568
5698 30 35 -0.0769231 0.123667
5699 11 9 0.1 0.222486
5700 7 3 0.4 0.289828
5702 29 20 0.183673 0.140427
5703 2 2 0 0.5
5704 28 19 0.191489 0.143166
5705 10 21 -0.354839 0.167918
5706 19 29 -0.208333 0.14117
5707 28 36 -0.125 0.12402
5708 18 14 0.125 0.17539
5709 28 19 0.191489 0.143166
5710 28 32 -0.0666667 0.128812
5711 17 14 0.0967742 0.178762
5712 8 4 0.333333 0.272166
5713 23 19 0.0952381 0.153602
5714 27 46 -0.260274 0.113007
5715 4 2 0.333333 0.3849
5717 21 36 -0.263158 0.127785
5718 24 29 -0.0943396 0.136748
5721 14 11 0.12 0.198555
5722 23 27 -0.08 0.140968
5723 22 25 -0.0638298 0.145568
5724 32 39 -0.0985915 0.1181
5725 29 26 0.0545455 0.134639
5726 7 17 -0.416667 0.185561
5727 22 18 0.1 0.157321
5728 14 8 0.272727 0.205119
5730 35 22 0.22807 0.128962
5732 16 30 -0.304348 0.140447
5733 17 24 -0.170732 0.153881
5734 15 23 -0.210526 0.158586
5735 12 4 0.5 0.216506
5736 9 5 0.285714 0.25612
5737 0 2 -1 0
5739 20 17 0.0810811 0.163858
5740 12 19 -0.225806 0.174966
5741 22 17 0.128205 0.158807
5742 3 1 0.5 0.433013
5743 22 29 -0.137255 0.138703
5744 26 31 -0.0877193 0.131943
5745 43 29 0.194444 0.115602
5748 22 31 -0.169811 0.135366
5751 2 1 0.333333 0.544331
5752 44 40 0.047619 0.108985
5753 6 6 0 0.288675
5754 6 4 0.2 0.309839
5755 8 6 0.142857 0.26452
5756 54 40 0.148936 0.101992
5757 1 2 -0.333333 0.544331
5761 26 29 -0.0545455 0.134639
5762 24 30 -0.111111 0.13524
5763 29 34 -0.0793651 0.125591
5764 18 13 0.16129 0.177254
5765 15 17 -0.0625 0.176431
5768 31 26 0.0877193 0.131943
5770 22 15 0.189189 0.16143
5771 4 6 -0.2 0.309839
5773 39 39 0 0.113228
5778 56 49 0.0666667 0.0973729
5779 39 27 0.181818 0.12104
5781 24 32 -0.142857 0.13226
5783 22 15 0.189189 0.16143
5784 28 25 0.0566038 0.13714
5785 48 55 -0.0679612 0.0983051
5805 12 13 -0.04 0.19984
5806 3 2 0.2 0.438178
5807 1 0 1 0
5808 1 3 -0.5 0.433013
5809 31 18 0.265306 0.137738
5810 7 9 -0.125 0.248039
5811 4 3 0.142857 0.374088
5815 22 20 0.047619 0.154128
5816 29 23 0.115385 0.137749
5818 29 17 0.26087 0.142337
5819 17 29 -0.26087 0.142337
5820 2 1 0.333333 0.544331
5821 3 6 -0.333333 0.31427
5828 30 28 0.0344828 0.131228
5829 29 18 0.234043 0.141814
5830 13 11 0.0833333 0.203414
5831 7 0 1 0
5832 10 10 0 0.223607
5837 16 25 -0.219512 0.152365
5838 5 8 -0.230769 0.269864
5839 14 12 0.0769231 0.195535
5840 34 33 0.0149254 0.122156
5841 31 14 0.377778 0.138024
5842 2 3 -0.2 0.438178
5843 3 0 1 0
5844 7 5 0.166667 0.284638
5852 3 3 0 0.408248
5854 16 19 -0.0857143 0.168409
5856 23 19 0.0952381 0.153602
5858 29 14 0.348837 0.142919
5859 18 26 -0.181818 0.148243
5860 28 36 -0.125 0.12402
5861 21 28 -0.142857 0.141392
5862 19 22 -0.0731707 0.155755
5863 16 22 -0.157895 0.160187
5864 26 26 0 0.138675
5865 33 26 0.118644 0.129269
5866 20 32 -0.230769 0.134932
5868 14 29 -0.348837 0.142919
5869 28 24 0.0769231 0.138264
5870 27 30 -0.0526316 0.13227
5871 38 27 0.169231 0.122246
5872 12 12 0 0.204124
5873 25 13 0.315789 0.15392
5874 5 6 -0.0909091 0.300263
5875 15 19 -0.117647 0.170308
5877 21 30 -0.176471 0.13783
5879 11 5 0.375 0.231756
5880 24 34 -0.172414 0.12934
5881 11 12 -0.0434783 0.208317
5882 29 31 -0.0333333 0.129028
5883 22 13 0.257143 0.163347
5884 33 27 0.1 0.128452
5885 22 29 -0.137255 0.138703
5886 28 22 0.12 0.140399
5887 28 25 0.0566038 0.13714
5888 24 23 0.0212766 0.145832
5889 22 23 -0.0222222 0.149034
5890 36 20 0.285714 0.12806
5891 25 25 0 0.141421
5892 20 22 -0.047619 0.154128
5893 25 35 -0.166667 0.127294
5894 30 23 0.132075 0.136157
5895 33 39 -0.0833333 0.117441
5896 26 16 0.238095 0.149866
5897 3 2 0.2 0.438178
5898 27 15 0.285714 0.147871
5899 37 34 0.0422535 0.118572
5900 2 6 -0.5 0.306186
5901 30 27 0.0526316 0.13227
5902 11 15 -0.153846 0.193781
5903 19 21 -0.05 0.157916
5904 23 24 -0.0212766 0.145832
5912 13 10 0.130435 0.206733
5914 28 23 0.0980392 0.139353
5915 27 32 -0.0847458 0.129721
5916 2 0 1 0
5917 9 12 -0.142857 0.21598
5918 26 20 0.130435 0.146182
5919 37 41 -0.0512821 0.113079
5923 20 26 -0.130435 0.146182
5924 5 8 -0.230769 0.269864
5925 26 25 0.0196078 0.140001
5926 25 20 0.111111 0.148148
5927 11 14 -0.12 0.198555
5931 27 22 0.102041 0.142111
5932 10 8 0.111111 0.234243
5933 23 17 0.15 0.156325
5934 24 22 0.0434783 0.147303
5935 16 17 -0.030303 0.173998
5936 18 18 0 0.166667
5937 29 22 0.137255 0.138703
5938 33 24 0.157895 0.130792
5939 0 5 -1 0
5941 28 27 0.0181818 0.134818
5942 22 18 0.1 0.157321
5943 23 28 -0.0980392 0.139353
5944 19 21 -0.05 0.157916
5945 24 18 0.142857 0.152721
5947 23 17 0.15 0.156325
5948 23 24 -0.0212766 0.145832
5949 13 5 0.444444 0.211144
5950 20 12 0.25 0.171163
5951 35 26 0.147541 0.126636
5952 18 15 0.0909091 0.173357
5965 6 4 0.2 0.309839
5966 28 25 0.0566038 0.13714
5967 9 11 -0.1 0.222486
5968 13 11 0.0833333 0.203414
5971 7 3 0.4 0.289828
5974 31 35 -0.0606061 0.122865
5975 25 36 -0.180328 0.125938
5976 30 25 0.0909091 0.134282
5979 2 2 0 0.5
5980 5 10 -0.333333 0.243432
5981 0 1 -1 0
5985 27 26 0.0188679 0.137336
5986 26 26 0 0.138675
5987 26 14 0.3 0.150831
5988 33 22 0.2 0.132116
5989 13 8 0.238095 0.211942
5990 31 35 -0.0606061 0.122865
5991 26 29 -0.0545455 0.134639
5994 22 29 -0.137255 0.138703
5995 7 14 -0.333333 0.205738
5996 17 24 -0.170732 0.153881
5997 35 31 0.0606061 0.122865
5998 29 33 -0.0645161 0.126736
5999 27 26 0.0188679 0.137336
6001 20 20 0 0.158114
6002 1 2 -0.333333 0.544331
6003 28 21 0.142857 0.141392
6004 28 24 0.0769231 0.138264
6005 22 21 0.0232558 0.152457
6006 25 26 -0.0196078 0.140001
6007 20 18 0.0526316 0.161997
6008 27 28 -0.0181818 0.134818
6009 19 26 -0.155556 0.147257
6010 30 17 0.276596 0.140174
6012 15 23 -0.210526 0.158586
6013 33 31 0.03125 0.124939
6014 34 23 0.192982 0.129963
6016 33 34 -0.0149254 0.122156
6017 35 46 -0.135802 0.110082
6018 29 19 0.208333 0.14117
6019 27 19 0.173913 0.145195
6020 36 32 0.0588235 0.121058
6024 32 18 0.28 0.135765
6025 38 36 0.027027 0.116205
6026 36 32 0.0588235 0.121058
6027 33 36 -0.0434783 0.120272
6028 27 24 0.0588235 0.139786
6029 40 24 0.25 0.121031
6030 8 17 -0.36 0.18659
6031 14 7 0.333333 0.205738
6032 9 3 0.5 0.25
6033 22 22 0 0.150756
6034 19 29 -0.208333 0.14117
6035 26 32 -0.103448 0.130602
6036 20 31 -0.215686 0.136732
6037 36 28 0.125 0.12402
6038 18 16 0.0588235 0.171202
6039 22 34 -0.214286 0.130527
6040 32 23 0.163636 0.133022
6041 34 26 0.133333 0.127947
6042 29 26 0.0545455 0.134639
6043 24 31 -0.127273 0.133743
6044 32 23 0.163636 0.133022
6048 24 27 -0.0588235 0.139786
6050 19 21 -0.05 0.157916
6051 24 22 0.0434783 0.147303
6052 22 28 -0.12 0.140399
6053 12 8 0.2 0.219089
6060 42 28 0.2 0.117108
6061 33 30 0.047619 0.125845
6062 7 14 -0.333333 0.205738
6063 32 25 0.122807 0.131451
6064 27 26 0.0188679 0.137336
6065 25 25 0 0.141421
6066 21 27 -0.125 0.143205
6068 22 4 0.692308 0.141518
6069 15 15 0 0.182574
6070 24 24 0 0.144338
6071 23 19 0.0952381 0.153602
6072 17 23 -0.15 0.156325
6073 46 29 0.226667 0.112465
6074 23 29 -0.115385 0.137749
6075 27 19 0.173913 0.145195
6076 8 15 -0.304348 0.198623
6077 22 20 0.047619 0.154128
6078 27 22 0.102041 0.142111
6079 9 2 0.636364 0.232583
6081 26 37 -0.174603 0.124053
6082 25 27 -0.0384615 0.138572
6083 27 26 0.0188679 0.137336
