#run A_phys dA_stat
5045 -0.0124407 5.33409
5046 -0.012446 5.33639
5047 -1.53334 3.3319
5048 -0.605254 1.50624
5049 2.57402 4.22426
5053 -1.56907 2.41092
5054 -0.0128112 3.17135
5086 -0.0127446 3.86391
5090 -0.0128896 1.95394
5091 0.671348 1.34492
5093 -2.42601 1.90139
5094 -1.18658 3.07175
5095 0.68998 1.38225
5099 -3.28332 2.36923
5100 2.20948 2.36437
5101 1.14792 3.04108
5102 -1.16789 3.02334
5103 0.454998 1.92678
5104 -3.33375 2.64622
5105 -1.1003 2.84838
5106 -2.52109 4.09666
5107 0.332848 1.73442
5108 0.594437 1.60579
5109 2.8001 4.59528
5110 -0.0138396 2.09795
5112 1.65448 2.58442
5113 -0.937277 1.94706
5114 -1.67455 2.10084
5115 0.906664 1.94022
5116 -0.372806 1.72094
5121 0.929168 1.6235
5122 -1.23372 2.25834
5124 -2.5614 1.81126
5126 -1.21855 2.23057
5127 2.55347 1.55692
5129 4.12954 2.0716
5135 4.08983 3.55362
5140 2.62386 4.30605
5142 -7.89213 0
5143 2.61981 3.04014
5145 3.57494 2.11991
5146 1.31645 2.27074
5147 -1.96957 1.89452
5148 1.30137 2.24473
5152 -1.6032 1.55796
5153 0.407709 1.83211
5154 -0.0132279 1.63726
5155 -8.05629 0
5156 -1.6259 3.53304
5164 1.41441 1.93146
5165 -0.926456 2.72176
5167 -0.0135328 1.93411
5176 0.385156 1.82625
5183 -2.52833 1.98159
5185 1.05573 2.1229
5186 0.353215 1.75908
5187 -94.9345 -155.798
5188 0.472029 -143.11
5301 6.56142 1.77123
5302 1.18575 2.22123
5303 -1.12296 2.1993
5315 26.492 -85.9412
5316 36.2495 -70.9937
5317 -214.193 -66.9337
5318 -3.93344 2.1029
5320 0.830253 2.7929
5321 9.13984 0
5322 -0.0148454 2.59857
5323 1.44906 2.49948
5324 6.46973 1.42958
5364 -94.9345 -155.798
5378 -1.77489 2.06086
5379 -1.1251 2.05952
5380 2.60611 2.13846
5385 7.83809 0
5386 -3.90461 1.94589
5387 -71.0829 -97.9808
5388 0.472029 -101.194
5406 -3.68217 1.83503
5407 -7.37181 0
5408 1.47639 1.63076
5409 -2.93753 1.94699
5411 -0.0125599 3.10914
5412 -4.83073 1.76101
5414 7.5308 0
5416 1.23924 2.13755
5449 7.76953 0
5453 7.72277 0
5460 7.69032 0
5461 -0.0127899 3.87766
5462 -1.40133 1.87816
5463 -1.97529 2.68705
5464 -0.012899 2.47336
5465 3.88989 3.37989
5466 2.59072 2.4547
5467 2.59929 2.46282
5468 1.74253 1.8155
5469 5.45795 1.58159
5470 -3.71135 1.80973
5471 -0.480008 1.92182
5472 1.58301 1.74852
5476 1.58657 2.02355
5477 0.785147 1.77613
5478 1.12438 2.97871
5479 -2.67176 4.34149
5480 -0.484105 1.93822
5481 1.59732 2.03726
5482 8.05793 0
5483 -0.931117 1.93426
5484 1.11854 1.79554
5485 -2.10628 2.44563
5486 -109.612 -73.2766
5494 -1.37482 2.32495
5495 -1.3672 2.31206
5496 -2.71464 4.41116
5497 -8.05674 0
5499 1.13379 3.00364
5501 -5.33778 2.43034
5502 1.98998 1.93958
5503 -0.683353 2.21683
5504 0.548883 1.8464
5505 0.363139 1.43889
5506 -0.839509 1.83749
5507 0.896851 1.91922
5508 -0.690501 1.65278
5511 0.797861 1.80489
5512 0.717339 1.7063
5513 -1.03153 1.61451
5514 -3.24194 1.73321
5515 -0.0129417 1.60183
5517 -1.13627 2.9415
5518 3.13508 2.28099
5519 29.094 -63.6799
5523 152 -58.8923
5524 -0.548608 2.06884
5525 1.77557 1.84992
5526 -3.47172 1.9486
5527 -0.362711 1.67434
5529 -0.481944 1.92957
5531 3.13438 2.28048
5532 72.027 -97.9808
5533 -285.748 -0
5537 -0.0147001 2.2284
5538 3.97961 2.35987
5539 -2.44358 2.17791
5541 0.54684 2.16679
5543 0.744734 2.50522
5544 1.0271 2.06534
5545 0.745732 2.50858
5548 -1.37359 2.32286
5549 -8.13123 0
5550 -0.01343 2.57518
5571 -1.44127 3.13184
5572 -0.0121463 2.12611
5573 -0.0121765 1.57414
5574 -0.697967 1.60105
5575 -0.964206 1.88837
5576 -37.6905 -51.7898
5577 0.472029 -64.0008
5578 75.7931 -63.3488
5579 0.472029 -76.4954
5580 0.472029 -116.849
5581 0.472029 -143.11
5582 -94.9345 -89.9503
5583 -2.57557 2.95937
5584 0.439193 1.85985
5586 -0.714986 2.31944
5589 2.59504 4.25875
5592 2.12395 2.27285
5593 -0.0129307 3.92034
5596 -3.15281 2.27505
5597 1.10987 2.07909
5598 1.88103 1.68609
5599 -1.77425 1.6486
5600 -0.013676 1.768
5601 -5.62032 2.55898
5602 0.594894 1.60703
5603 3.50764 2.55205
5604 -2.48905 2.63152
5605 -0.807049 2.6181
5606 -1.33652 1.66559
5608 -1.3375 1.66682
5609 -1.13239 1.77238
5611 -0.356419 1.71016
5612 -0.0140197 1.60653
5613 -0.0139424 2.11353
5614 1.51103 1.75826
5615 -8.35361 0
5616 -1.19844 1.7912
5617 1.62795 3.59632
5619 -4.39306 1.9009
5620 -0.0131481 1.69974
5621 0.597129 2.19363
5623 -0.852003 2.50303
5624 -0.859159 2.52405
5625 0.280026 1.52182
5626 2.62688 1.92794
5627 -7.98965 0
5628 -0.0132103 2.53306
5629 -0.486405 1.94743
5630 -0.243689 1.36245
5632 -3.86845 1.4761
5633 -4.05132 3.49701
5634 0.408476 1.83555
5654 -4.18991 3.61664
5655 8.48982 0
5659 4.20707 2.58482
5660 2.80616 4.60522
5661 -0.669725 2.35703
5663 -0.0141641 1.62308
5664 1.99043 2.34439
5665 2.61551 1.86997
5666 1.04546 1.75395
5667 1.75757 2.24166
5670 -8.83684 0
5671 -2.95902 2.15033
5672 -1.1603 1.81605
5673 -2.22675 2.1419
5674 -0.0146793 2.09798
5675 -0.0147488 3.651
5676 6.10116 1.49551
5678 3.81127 3.04863
5679 -0.0145665 3.12279
5683 -7.29916 1.54344
5685 -0.823252 2.67067
5686 -0.0147163 6.3098
5688 -0.0147593 4.47474
5690 4.03797 1.92548
5691 1.11979 2.25172
5692 -1.84732 2.31758
5693 0.385938 1.92204
5694 -0.0153328 2.48479
5696 2.1203 1.76589
5697 4.2756 2.09965
5698 -1.03255 2.14497
5699 -1.03093 3.02869
5700 -0.0151147 4.58249
5702 -0.923699 2.02176
5703 -0.0144704 4.38713
5704 2.35952 2.52493
5705 -1.54918 2.07632
5706 1.52119 2.07727
5707 -0.811429 1.86132
5708 -2.42437 2.56314
5709 -2.31163 1.6468
5710 0.666119 2.44707
5711 -0.0145713 2.20888
5712 -8.50963 0
5713 -0.0139517 2.44213
5714 3.11479 1.70894
5717 -0.527065 2.11022
5718 -0.881498 1.92939
5721 6.8831 1.63585
5722 1.22063 2.28656
5723 3.14627 1.63823
5724 -4.27029 1.29579
5725 1.8139 1.29685
5726 0.864171 1.4906
5727 3.02078 1.65249
5728 -6.49795 2.40083
5730 -0.0149421 2.42147
5732 2.23654 2.1799
5733 -0.34771 1.72855
5734 1.7799 2.27013
5735 -2.99248 2.80746
5736 -8.91832 0
5737 2.94028 4.82533
5739 -1.75449 2.69582
5740 1.86965 1.76381
5741 -0.0142594 2.03796
5742 -4.32307 3.73158
5743 1.83799 1.59557
5744 0.775878 1.84554
5745 1.12328 1.80314
5748 0.659923 2.42431
5751 -2.93727 4.77293
5752 2.49684 1.59184
5753 -8.79409 0
5754 -0.0144994 4.39593
5755 5.26895 3.15046
5756 -0.282191 1.53669
5761 -2.50349 1.70663
5762 2.94879 2.1642
5763 4.12384 2.02513
5764 5.70617 1.6349
5765 -3.53021 1.80127
5768 -0.0144689 1.8705
5770 1.07376 2.15917
5771 -285.748 -0
5773 -94.9345 -46.975
5778 22.4889 -45.6961
5779 -1.48168 1.77176
5781 1.34508 1.7126
5783 2.51168 2.2646
5784 -0.817335 1.87487
5785 0.744453 1.49138
5805 7.01246 0
5806 -0.0116467 4.99369
5809 -0.740208 1.62014
5810 1.41705 3.1304
5815 0.574353 1.43028
5816 3.5763 1.55371
5818 -3.99236 1.30396
5819 2.44635 1.79544
5820 -7.42852 0
5821 -0.0117471 5.03673
5828 1.90353 1.10691
5829 -1.78229 1.32156
5830 -3.12611 2.4814
5831 -7.22379 0
5832 0.638736 2.14865
5837 -0.0118863 1.61162
5838 -4.35059 2.58708
5839 -1.46462 1.83747
5840 -0.67335 1.54459
5841 -0.303212 1.45487
5842 7.25856 0
5844 -0.0119488 3.62263
5852 -7.16346 0
5854 -0.808009 2.37378
5856 -0.0117139 1.89831
5858 0.407244 1.72456
5859 4.0463 1.23501
5860 1.80968 1.44017
5861 -0.360065 1.59298
5862 1.14545 1.66077
5863 1.64856 1.28679
5864 -0.331591 1.53069
5865 1.89422 1.60318
5866 -0.011326 1.71691
5868 -0.610074 1.39944
5869 0.942107 1.89443
5870 0.745864 1.68727
5871 2.49903 1.67431
5872 1.05538 2.7959
5873 -1.73177 2.01078
5874 1.47342 3.25493
5875 1.1557 1.67563
5877 1.57266 1.36524
5879 2.94722 2.14431
5880 -0.506046 1.90833
5881 -1.71872 1.99563
5882 0.282936 1.47434
5883 -0.578781 2.03697
5884 -0.307063 1.47334
5885 -0.0122093 1.74496
5886 -2.74738 1.58336
5887 -1.07175 1.60184
5888 -1.61701 1.5025
5889 0.723185 1.63596
5890 -0.623208 1.49171
5891 0.599942 1.49401
5892 -2.76687 1.70248
5893 -0.399642 1.09914
5894 0.773082 0.984308
5895 -0.291478 1.449
5896 0.660753 2.22272
5897 7.23425 0
5898 -0.282449 1.40412
5899 1.99108 1.23014
5900 -2.47101 4.01529
5901 -0.0120725 1.3365
5902 -1.46972 2.25827
5903 -0.0120276 1.94916
5904 1.28178 1.75034
5912 -1.04794 1.91827
5914 -0.359365 1.58989
5915 -0.332129 1.53317
5917 -2.03095 2.1472
5918 -1.72693 2.00516
5919 0.883661 1.4825
5923 -1.15185 2.10847
5924 1.60166 3.53823
5925 1.32397 2.28371
5926 -0.735262 1.68661
5927 1.55904 2.43534
5931 2.73479 1.49604
5932 -2.12853 2.89551
5933 -104.977 -61.0444
5934 -56.7719 -88.6821
5935 0.472029 -76.4954
5936 -94.9345 -89.9503
5937 57.716 -72.4085
5938 -5.27293 2.21717
5939 4.30643 3.74182
5941 1.19114 2.23133
5942 -0.92607 2.72063
5943 -2.21884 1.65876
5944 -3.99214 1.98951
5945 0.773599 1.75001
5947 1.55031 1.9773
5948 2.84953 1.657
5949 5.49964 2.04138
5950 -0.865657 2.54314
5951 -0.458671 1.83639
5952 1.74423 2.0544
5965 2.20325 2.55674
5966 -0.260263 1.29383
5967 0.956524 2.53402
5968 -0.631431 2.04839
5971 4.583 2.09703
5974 0.265996 1.38606
5975 1.38569 2.16456
5976 -0.0115494 1.32346
5979 -0.0115764 4.96351
5980 -1.01508 2.62778
5985 0.666851 1.25317
5986 -1.01129 1.51148
5987 -0.924581 1.44712
5988 1.90199 1.4392
5989 2.62335 1.62843
5990 0.17914 1.16005
5991 -2.74109 1.28466
5994 1.11263 1.61319
5995 -0.0117212 2.5128
5996 -2.84838 2.05538
5997 -0.383563 1.61887
5998 0.906702 1.45548
5999 2.57716 1.49862
6001 -1.11851 1.58818
6002 -7.01238 0
6003 2.32405 1.34846
6004 -1.76722 1.69988
6005 -1.54164 1.43246
6006 2.10374 1.50408
6007 0.383031 1.62202
6008 1.60676 1.2158
6009 -1.45926 1.54279
6010 -0.00789503 1.07046
6012 1.79603 1.75054
6013 1.18714 1.44793
6014 2.56303 1.33455
6016 2.53126 1.25688
6017 2.21064 1.1942
6018 0.297223 1.48023
6019 -0.898228 1.75915
6020 -0.0116749 1.33784
6024 -3.14824 1.49012
6025 -2.83174 1.17974
6026 -1.54402 1.43467
6027 1.49865 1.30099
6028 -0.0116199 1.43823
6029 0.249253 1.35459
6030 -3.53219 1.76029
6031 -1.63597 1.89954
6032 3.50681 3.04704
6033 -1.77001 1.39014
6034 2.33068 1.71055
6035 -2.64462 1.62726
6036 0.490712 1.32559
6037 0.531513 1.38068
6038 -2.1377 1.51164
6039 0.5352 1.39026
6040 1.17533 1.43352
6041 -1.43585 1.27375
6042 0.327249 1.55168
6043 0.272932 1.4222
6044 -0.900551 1.7637
6048 -1.0252 1.53227
6050 1.00033 1.32503
6051 0.271369 1.41406
6052 -1.42528 1.38506
6053 0.997081 2.64147
6060 -0.0116476 1.44166
6061 -0.0116784 1.50975
6062 2.35336 1.7272
6063 -0.937601 1.4675
6064 1.62479 1.91373
6065 3.53069 1.77119
6066 -0.797997 1.35352
6068 -0.555834 1.95621
6069 0.774477 2.34383
6070 0.250435 1.36101
6071 -1.26087 1.6899
6072 3.80067 1.65467
6073 0.232264 1.31282
6074 1.23435 1.68557
6075 0.868912 1.74724
6076 -2.35691 2.21118
6077 -1.41975 1.54254
6078 1.23365 1.68461
6079 0.773261 2.34015
6081 1.67339 1.49997
6082 0.472029 -67.4626
6083 -53.1942 -49.6995
