N_plus_all      = 161
N_minus_all     = 142
A_acc           = 0.0627063
err_A_acc       = 0.0573354
accidental_events = 85
QE_events       = 4314
f_acc           = 0.0197033
err_f_acc       = 0.00213712
