avg_beampol = 0.836908
err_avg_beampol = 0.00177395
avg_He3pol = 0.518622
err_avg_He3pol = 0.0183356
avg_Pn = 0.96
err_avg_Pn = 0.005
