avg_beampol = 0.836757
err_avg_beampol = 0.00177395
avg_He3pol = 0.517216
err_avg_He3pol = 0.0185075
avg_Pn = 0.96
err_avg_Pn = 0.005
