avg_beampol = 0.836991
err_avg_beampol = 0.00177395
avg_He3pol = 0.476093
err_avg_He3pol = 0.0151281
avg_Pn = 0.96
err_avg_Pn = 0.005
