par0 = 0.510078
par1 = 0.164167
par2 = 0.771359
data events = 4071
background events = 2199.34
background_fraction = 0.540245
err_background_fraction = 0.0142968
proton_fraction = 0.0160298
err_proton_fraction = 0.00200017
f_in_dx = 0.483724
err_f_in_dx = 0.0129362
f_p = 0.0160298
err_f_p = 0.00200017
inelastic_events_pos = 4669.01
inelastic_events_neg = 4461.57
A_in = 0.022719
err_A_in = 0.0104626
A_p = 0
err_A_p = 0
W2_data_events = 6660
W2_fit_events = 6660
W2_neutron_events = 3969.13
W2_bkg_events = 2611.73
W2_proton_events = 79.1432
background_fraction_W2_fit = 0.392151
err_background_fraction_W2_fit = 0.00905384
inelastic_fraction_W2_fit = 0.351124
err_inelastic_fraction_W2_fit = 0.00821882
f_in = 0.351124
err_f_in = 0.00821882
SSR_W2_single_param = 7894.17
SSR_W2_two_param    = 537960
