par0 = 0.508245
par1 = 0.164681
par2 = 0.779245
data events = 4095
background events = 2216.26
background_fraction = 0.54121
err_background_fraction = 0.0142721
proton_fraction = 0.0158959
err_proton_fraction = 0.00198582
f_in = 0.459502
err_f_in = 0.0295395
f_p = 0.0158959
err_f_p = 0.00198582
inelastic_events_pos = 4683.85
inelastic_events_neg = 4587.17
A_in = 0.0104285
err_A_in = 0.0103851
A_p = 0
err_A_p = 0
W2_data_events = 8121
W2_fit_events = 8118.59
W2_neutron_events = 4197.37
W2_bkg_events = 3775.55
W2_proton_events = 145.666
background_fraction_W2_fit = 0.464912
err_background_fraction_W2_fit = 0.0091577
