par0 = 0.414237
par1 = 0.185816
par2 = 1.16378
data events = 2590
background events = 1610.01
background_fraction = 0.621624
err_background_fraction = 0.0197283
proton_fraction = 0.0101895
err_proton_fraction = 0.00199355
f_in_dx = 0.584872
err_f_in_dx = 0.0186953
f_p = 0.0101895
err_f_p = 0.00199355
inelastic_events_pos = 3187.58
inelastic_events_neg = 3194.54
A_in_dx_method = -0.0010915
err_A_in_dx_method = 0.0125175
A_p = 0
err_A_p = 0
W2_data_events = 3500
W2_fit_events = 3500
W2_neutron_events = 2049.59
W2_bkg_events = 1404.53
W2_proton_events = 45.8759
background_fraction_W2_fit = 0.401295
err_background_fraction_W2_fit = 0.0126754
inelastic_fraction_W2_fit = 0.377569
err_inelastic_fraction_W2_fit = 0.0120125
f_in = 0.377569
err_f_in = 0.0120125
SSR_W2_single_param = 3361.3
SSR_W2_two_param    = 147069
avg_extrap_A_percent = -0.011745
err_avg_extrap_A_percent = 0.088539
A_in = -0.00011745
err_A_in = 0.00088539
num_elastic_points_used = 31
