par0 = 0.511796
par1 = 0.162186
par2 = 0.767148
background_fraction = 0.539849
err_inelastic_fraction = 0.0301784
proton_fraction = 0.0149
err_proton_fraction = 0.00193088
f_in = 0.461834
err_f_in = 0.0301784
f_p = 0.0149
err_f_p = 0.00193088
inelastic_events_pos = 4666.71
inelastic_events_neg = 4415.69
A_in = 0.0276377
err_A_in = 0.010489
A_p = 0
err_A_p = 0
