par0 = 0.576515
par1 = 0.199458
par2 = 0.438186
background_fraction = 0.318339
err_inelastic_fraction = 0.0108768
proton_fraction = 0.0296899
err_proton_fraction = 0.00298763
f_in = 0.31238
err_f_in = 0.0108768
f_p = 0.0296899
err_f_p = 0.00298763
A_in = 0.0218662
err_A_in = 0.0312384
A_p = 0
err_A_p = 0
