par0 = 0.508527
par1 = 0.164843
par2 = 0.777534
background_fraction = 0.540548
err_inelastic_fraction = 0.0301875
proton_fraction = 0.0159114
err_proton_fraction = 0.0019868
f_in = 0.461976
err_f_in = 0.0301875
f_p = 0.0159114
err_f_p = 0.0019868
inelastic_events_pos = 4671.18
inelastic_events_neg = 4576.19
A_in = 0.0102727
err_A_in = 0.0103984
A_p = 0
err_A_p = 0
W2_fit_events = 8045.62
W2_neutron_events = 3548.61
W2_bkg_events = 4371.44
W2_proton_events = 125.573
background_fraction_W2_fit = 0.543331
