par0 = 0.508245
par1 = 0.164681
par2 = 0.779243
background_fraction = 0.54121
err_inelastic_fraction = 0.0295395
proton_fraction = 0.0158959
err_proton_fraction = 0.00198582
f_in = 0.459502
err_f_in = 0.0295395
f_p = 0.0158959
err_f_p = 0.00198582
inelastic_events_pos = 4664.12
inelastic_events_neg = 4587.18
A_in = 0.00831639
err_A_in = 0.0103964
A_p = 0
err_A_p = 0
W2_fit_events = 8040.71
W2_neutron_events = 3539.58
W2_bkg_events = 4377.48
W2_proton_events = 123.64
background_fraction_W2_fit = 0.544415
