par0 = 0.570655
par1 = 0.173845
par2 = 0.525567
background_fraction = 0.431297
err_inelastic_fraction = 0.0131959
proton_fraction = 0.0272897
err_proton_fraction = 0.00286098
f_in = 0.423223
err_f_in = 0.0131959
f_p = 0.0272897
err_f_p = 0.00286098
A_in = 0.0234765
err_A_in = 0.0264175
A_p = 0
err_A_p = 0
