par0 = 0.53866
par1 = 0.16921
par2 = 0.663704
background_fraction = 0.491545
err_inelastic_fraction = 0.0310801
proton_fraction = 0.0160546
err_proton_fraction = 0.00218237
f_in = 0.422161
err_f_in = 0.0310801
f_p = 0.0160546
err_f_p = 0.00218237
inelastic_events_pos = 3596.38
inelastic_events_neg = 3356.6
A_in = 0.0344864
err_A_in = 0.0119855
A_p = 0
err_A_p = 0
