par0 = 0.540264
par1 = 0.171263
par2 = 0.654518
background_fraction = 0.489603
err_inelastic_fraction = 0.0309641
proton_fraction = 0.0161024
err_proton_fraction = 0.00218567
f_in = 0.420493
err_f_in = 0.0309641
f_p = 0.0161024
err_f_p = 0.00218567
inelastic_events_pos = 3456.74
inelastic_events_neg = 3356.23
A_in = 0.0147533
err_A_in = 0.0121139
A_p = 0
err_A_p = 0
