par0 = 0.578734
par1 = 0.140844
par2 = 0.535378
background_fraction = 0.538019
err_inelastic_fraction = 0.015282
proton_fraction = 0.027676
err_proton_fraction = 0.0028817
f_in = 0.527947
err_f_in = 0.015282
f_p = 0.027676
err_f_p = 0.0028817
inelastic_events_pos = 3191.84
inelastic_events_neg = 3033.7
A_in = 0.0254014
err_A_in = 0.0126699
A_p = 0
err_A_p = 0
