N_N2_sim = 235618
N_He3_sim = 109802
N_N2_sim_integral = 9.03432e-33
N_He3_sim_integral = 3.79829e-33
nentries_N2 = 1659646
nentries_He3 = 1625092
S = 0.166357
Nitrogen fraction = 0.0292343
f_N2 = 0.0292343
err_f_N2 = 0.00069349
