N_N2_sim = 27219
N_He3_sim = 24343
N_N2_sim_integral = 1.04326e-33
N_He3_sim_integral = 8.81706e-34
nentries_N2 = 372405
nentries_He3 = 1611479
S = 0.365722
Nitrogen fraction = 0.0642691
f_N2 = 0.0642691
err_f_N2 = 0.00150543
