Cpi_pos = 0.236028
Cpi_neg = 0.231628
pos_integral = 8802.91
neg_integral = 8626.75
asymCpi = 0.00940913
err_asymCpi = 1.46224
asymIntegral = 0.0101067
err_asymIntegral = 0.00757414
asymGrinch = 0.0263566
err_asymGrinch = 0.0393613
A_pi = 0.0263566
err_A_pi = 0.0393613
f_pi = 0.0649599
err_f_pi = 0.0497062
