Cpi_pos = 0.238584
Cpi_neg = 0.237245
pos_integral = 8941.66
neg_integral = 8877.72
asymCpi = 0.00281402
err_asymCpi = 1.44968
asymIntegral = 0.0035884
err_asymIntegral = 0.00749119
asymGrinch = 0.0263566
err_asymGrinch = 0.0393613
pi_events_all = 38.5201
QE_events_all = 3935
A_pi = 0.0263566
err_A_pi = 0.0393613
f_pi = 0.00978911
err_f_pi = 0.00158495
