Cpi_pos = 0.23601
Cpi_neg = 0.231617
pos_integral = 8806.26
neg_integral = 8630.52
asymCpi = 0.00939508
err_asymCpi = 1.46228
asymIntegral = 0.0100789
err_asymIntegral = 0.0075726
asymGrinch = 0.0278638
err_asymGrinch = 0.0393292
A_pi = 0.0278638
err_A_pi = 0.0393292
f_pi = 0.0657929
err_f_pi = 0.0577852
