Cpi_pos = 0.219317
Cpi_neg = 0.219963
pos_integral = 6742.89
neg_integral = 6771.13
asymCpi = -0.00147239
err_asymCpi = 0.00915207
asymIntegral = -0.00209
err_asymIntegral = 0.00860215
asymGrinch = -0.00305756
err_asymGrinch = 0.00665673
pi_events_all = 8.05417e-09
QE_events_all = 2037
A_pi = -0.00305756
err_A_pi = 0.00665673
f_pi = 3.72017e-12
err_f_pi = 4.14526e-08
