N_plus_all      = 266
N_minus_all     = 214
A_acc           = 0.108333
err_A_acc       = 0.0453749
accidental_events = 78
QE_events       = 2773
f_acc           = 0.0281284
err_f_acc       = 0.00318491
