N_plus_all      = 4215
N_minus_all     = 4230
A_acc           = -0.0017762
err_A_acc       = 0.0108818
accidental_events = 2168
QE_events       = 18918
f_acc           = 0.1146
err_f_acc       = 0.00246124
