N_plus_all      = 1621
N_minus_all     = 1581
A_acc           = 0.0124922
err_A_acc       = 0.0176708
accidental_events = 1013
QE_events       = 32462
f_acc           = 0.0312057
err_f_acc       = 0.000980459
