N_plus_all      = 5656
N_minus_all     = 5597
A_acc           = 0.00524305
err_A_acc       = 0.0094267
accidental_events = 1712
QE_events       = 28001
f_acc           = 0.0611407
err_f_acc       = 0.00147767
