avg_beampol = 0.86488
err_avg_beampol = 0.0008
avg_He3pol = 0.421735
err_avg_He3pol = 0.00720188
avg_Pn = 0.96
err_avg_Pn = 0.005
