avg_beampol = 0.86488
err_avg_beampol = 4.78083e-06
avg_He3pol = 0.423006
err_avg_He3pol = 2.98802e-06
avg_Pn = 0.96
err_avg_Pn = 0.005
