par0 = 0.662582
par1 = 0.183798
par2 = 0.29681
inelastic_fraction = 0.238717
err_inelastic_fraction = 0.00362907
proton_fraction = 0.0405219
err_proton_fraction = 0.00141194
f_in = 0.238717
err_f_in = 0.00362907
f_p = 0.0405219
err_f_p = 0.00141194
A_in = 0.0210539
err_A_in = 0.0130472
A_p = 0
err_A_p = 0
