par0 = 0.604066
par1 = 0.164177
par2 = 0.477896
inelastic_fraction = 0.382253
err_inelastic_fraction = 0.00446822
proton_fraction = 0.0234391
err_proton_fraction = 0.000962689
f_in = 0.382253
err_f_in = 0.00446822
f_p = 0.0234391
err_f_p = 0.000962689
A_in = -0.0149181
err_A_in = 0.00988558
A_p = 0
err_A_p = 0
