par0 = 0.65158
par1 = 0.1907
par2 = 0.311911
background_fraction = 0.226243
err_inelastic_fraction = 0.00311667
proton_fraction = 0.0278907
err_proton_fraction = 0.00113133
f_in = 0.197072
err_f_in = 0.00311667
f_p = 0.0278907
err_f_p = 0.00113133
A_in = -0.0103862
err_A_in = 0.0140659
A_p = 0
err_A_p = 0
