N_N2_sim = 34940
N_He3_sim = 47618
N_N2_sim_integral = 8.51496e-33
N_He3_sim_integral = 1.05509e-32
nentries_N2 = 267951
nentries_He3 = 266799
S = 0.0573976
Nitrogen fraction = 0.0100866
f_N2 = 0.0100866
err_f_N2 = 0.000237139
