N_N2_sim = 91113
N_He3_sim = 49019
N_N2_sim_integral = 2.1815e-32
N_He3_sim_integral = 1.03798e-32
nentries_N2 = 267951
nentries_He3 = 266799
S = 0.149475
Nitrogen fraction = 0.0262675
f_N2 = 0.0262675
err_f_N2 = 0.00061733
