Cpi_pos = 0.138218
Cpi_neg = 0.138912
pos_integral = 26801.5
neg_integral = 27067.6
asymCpi = -0.00250359
err_asymCpi = 1.89957
asymIntegral = -0.00493951
err_asymIntegral = 0.00430849
asymGrinch = -0.00638386
err_asymGrinch = 0.010147
A_pi = -0.00638386
err_A_pi = 0.010147
f_pi = 0
err_f_pi = 0
