Cpi_pos = 0.132774
Cpi_neg = 0.133413
pos_integral = 21110.3
neg_integral = 21328.8
asymCpi = -0.00239967
err_asymCpi = 1.93823
asymIntegral = -0.00514689
err_asymIntegral = 0.00485413
asymGrinch = -0.0161557
err_asymGrinch = 0.0112773
A_pi = -0.0161557
err_A_pi = 0.0112773
f_pi = 0
err_f_pi = 0
