Cpi_pos = 0.119562
Cpi_neg = 0.116842
pos_integral = 7474.06
neg_integral = 7324.35
asymCpi = 0.0115064
err_asymCpi = 2.05657
asymIntegral = 0.0101168
err_asymIntegral = 0.00821997
asymGrinch = 0.0803324
err_asymGrinch = 0.0524615
A_pi = 0.0803324
err_A_pi = 0.0524615
f_pi = 0
err_f_pi = 0
