Cpi_pos = 0.0213091
Cpi_neg = 0.022014
pos_integral = 997.967
neg_integral = 1033.71
asymCpi = -0.0162726
err_asymCpi = 4.80378
asymIntegral = -0.0175943
err_asymIntegral = 0.0221822
asymGrinch = -0.00133726
err_asymGrinch = 0.00327078
A_pi = -0.00133726
err_A_pi = 0.00327078
f_pi = 0
err_f_pi = 0
