Cpi_pos = 0.663291
Cpi_neg = 0.20917
pos_integral = 4697.43
neg_integral = 1426.33
asymCpi = 0.520506
err_asymCpi = 0.91414
asymIntegral = 0.534165
err_asymIntegral = 0.010803
asymGrinch = 0.011753
err_asymGrinch = 0.00644393
A_pi = 0.011753
err_A_pi = 0.00644393
f_pi = 0
err_f_pi = 0
