Cpi_pos = 0.136342
Cpi_neg = 0.138502
pos_integral = 33749.5
neg_integral = 34376.2
asymCpi = -0.00785835
err_asymCpi = 1.90741
asymIntegral = -0.00919969
err_asymIntegral = 0.00383112
asymGrinch = -0.00700615
err_asymGrinch = 0.0092432
A_pi = -0.00700615
err_A_pi = 0.0092432
f_pi = 0
err_f_pi = 0
