N_plus_all      = 1761
N_minus_all     = 1804
A_acc           = -0.0120617
err_A_acc       = 0.0167471
accidental_events = 558
QE_events       = 43826
f_acc           = 0.0127322
err_f_acc       = 0.000535553
