N_plus_all      = 3610
N_minus_all     = 3629
A_acc           = -0.00262467
err_A_acc       = 0.0117533
accidental_events = 796
QE_events       = 66698
f_acc           = 0.0119344
err_f_acc       = 0.000423003
