avg_beampol = 0.84089
err_avg_beampol = 0.00181
avg_He3pol = 0.348946
err_avg_He3pol = 0.00457857
avg_Pn = 0.96
err_avg_Pn = 0.005
