par0 = 0.748458
par1 = 0.253936
par2 = 0.00526879
data events = 81283
background events = 494.169
background_fraction = 0.00607961
err_background_fraction = 0.000274318
proton_fraction = 0.0398937
err_proton_fraction = 0.000714408
f_in_dx = 0.0057501
err_f_in_dx = 0.000259548
f_p = 0.0398937
err_f_p = 0.000714408
inelastic_events_pos = 811.78
inelastic_events_neg = 867.777
A_in_dx_method = -0.0333405
err_A_in_dx_method = 0.0243872
A_p = 0
err_A_p = 0
W2_data_events = 37279
W2_fit_events = 37279
W2_neutron_events = 36219
W2_bkg_events = 376.495
W2_proton_events = 683.46
background_fraction_W2_fit = 0.0100994
err_background_fraction_W2_fit = 0.000523115
inelastic_fraction_W2_fit = 0.00955201
err_inelastic_fraction_W2_fit = 0.000494905
f_in = 0.00955201
err_f_in = 0.000494905
SSR_W2_single_param = 942247
SSR_W2_two_param    = 2.59265e+07
avg_extrap_A_percent = 1.050098
err_avg_extrap_A_percent = 0.057580
A_in = 0.01050098
err_A_in = 0.00057580
num_elastic_points_used = 28
