par0 = 0.341536
par1 = 1.30986
par2 = 0.348852
data events = 331
background events = 17.8212
background_fraction = 0.0538404
err_background_fraction = 0.0130927
proton_fraction = 0.00318093
err_proton_fraction = 0.00310493
f_in_dx = 0.0508381
err_f_in_dx = 0.0123627
f_p = 0.00318093
err_f_p = 0.00310493
inelastic_events_pos = 80.6216
inelastic_events_neg = 73.5525
A_in = 0.0458513
err_A_in = 0.0804521
A_p = 0
err_A_p = 0
W2_data_events = 234
W2_fit_events = 234
W2_neutron_events = 203.845
W2_bkg_events = 29.2207
W2_proton_events = 0.934196
background_fraction_W2_fit = 0.124875
err_background_fraction_W2_fit = 0.0245009
inelastic_fraction_W2_fit = 0.117911
err_inelastic_fraction_W2_fit = 0.023135
f_in = 0.117911
err_f_in = 0.023135
SSR_W2_single_param = 322.231
SSR_W2_two_param    = 1243.62
