par0 = 0.724086
par1 = 0.319704
par2 = 0.00830903
data events = 113654
background events = 1055.59
background_fraction = 0.00928776
err_background_fraction = 0.000287191
proton_fraction = 0.0419545
err_proton_fraction = 0.000620185
f_in_dx = 0.00891927
err_f_in_dx = 0.00027589
f_p = 0.0419545
err_f_p = 0.000620185
inelastic_events_pos = 1616.02
inelastic_events_neg = 1277.74
A_in_dx_method = 0.116899
err_A_in_dx_method = 0.0184621
A_p = 0
err_A_p = 0
W2_data_events = 103565
W2_fit_events = 96131.2
W2_neutron_events = 89297.2
W2_bkg_events = 12862
W2_proton_events = 1405.73
background_fraction_W2_fit = 0.124193
err_background_fraction_W2_fit = 0.00116108
inelastic_fraction_W2_fit = 0.119265
err_inelastic_fraction_W2_fit = 0.00111912
f_in = 0.119265
err_f_in = 0.00111912
SSR_W2_single_param = 3.62435e+06
SSR_W2_two_param    = 1.83752e+08
avg_extrap_A_percent = 1.014914
err_avg_extrap_A_percent = 0.072649
A_in = 0.01014914
err_A_in = 0.00072649
num_elastic_points_used = 29
