par0 = 0.780577
par1 = 0.232947
par2 = 0.0189184
background_fraction = 0.019215
err_inelastic_fraction = 0.000356841
proton_fraction = 0.0174724
err_proton_fraction = 0.000516635
f_in = 0.0103635
err_f_in = 0.000356841
f_p = 0.0174724
err_f_p = 0.000516635
inelastic_events_pos = 4101.71
inelastic_events_neg = 4418.74
A_in = -0.0372079
err_A_in = 0.010826
A_p = 0
err_A_p = 0
W2_fit_events = 82314.3
W2_neutron_events = 76713.4
W2_bkg_events = 4204.61
W2_proton_events = 1396.3
background_fraction_W2_fit = 0.0510799
