par0 = 0.748458
par1 = 0.253936
par2 = 0.00526879
data events = 54507
background events = 272.922
background_fraction = 0.00500711
err_background_fraction = 0.000303845
proton_fraction = 0.0253619
err_proton_fraction = 0.000690722
f_in_dx = 0.00473573
err_f_in_dx = 0.000287437
f_p = 0.0253619
err_f_p = 0.000690722
inelastic_events_pos = 811.78
inelastic_events_neg = 867.777
A_in_dx_method = -0.0333405
err_A_in_dx_method = 0.0243872
A_p = 0
err_A_p = 0
W2_data_events = 37279
W2_fit_events = 37279
W2_neutron_events = 36274.1
W2_bkg_events = 320.416
W2_proton_events = 684.498
background_fraction_W2_fit = 0.00859508
err_background_fraction_W2_fit = 0.000482227
inelastic_fraction_W2_fit = 0.00812924
err_inelastic_fraction_W2_fit = 0.000456203
f_in = 0.00812924
err_f_in = 0.000456203
SSR_W2_single_param = 1.00432e+06
SSR_W2_two_param    = 2.59265e+07
avg_extrap_A_percent = 1.050098
err_avg_extrap_A_percent = 0.057580
A_in = 0.01050098
err_A_in = 0.00057580
num_elastic_points_used = 28
