par0 = 0.653172
par1 = 0.237543
par2 = 0.0657649
background_fraction = 0.0608286
err_inelastic_fraction = 0.00104383
proton_fraction = 0.015224
err_proton_fraction = 0.000510858
f_in = 0.0608286
err_f_in = 0.00104383
f_p = 0.015224
err_f_p = 0.000510858
inelastic_events_pos = 12917.1
inelastic_events_neg = 12056.8
A_in = 0.0344485
err_A_in = 0.00632411
A_p = 0
err_A_p = 0
