par0 = 0.799712
par1 = 0.206382
par2 = 0.0147894
background_fraction = 0.0170655
err_inelastic_fraction = 0.00034837
proton_fraction = 0.0198502
err_proton_fraction = 0.000594169
f_in = 0.00921076
err_f_in = 0.00034837
f_p = 0.0198502
err_f_p = 0.000594169
inelastic_events_pos = 3411
inelastic_events_neg = 3712.8
A_in = -0.0423658
err_A_in = 0.0118373
A_p = 0
err_A_p = 0
W2_fit_events = 70225.2
W2_neutron_events = 64942.2
W2_bkg_events = 4095.38
W2_proton_events = 1187.58
background_fraction_W2_fit = 0.0583178
