N_N2_sim = 122855
N_He3_sim = 55091
N_N2_sim_integral = 2.34815e-30
N_He3_sim_integral = 9.31021e-31
nentries_N2 = 1928620
nentries_He3 = 1774042
S = 0.165713
Nitrogen fraction = 0.0291211
f_N2 = 0.0291211
err_f_N2 = 0.000702836
