N_N2_sim = 100708
N_He3_sim = 42036
N_N2_sim_integral = 1.23058e-30
N_He3_sim_integral = 3.42656e-31
nentries_N2 = 1928620
nentries_He3 = 1774042
S = 0.235962
Nitrogen fraction = 0.0414661
f_N2 = 0.0414661
err_f_N2 = 0.00104523
