N_N2_sim = 100708
N_He3_sim = 2586
N_N2_sim_integral = 1.63651e-30
N_He3_sim_integral = 3.16751e-32
nentries_N2 = 1928620
nentries_He3 = 120810
S = 0.231168
Nitrogen fraction = 0.0406237
f_N2 = 0.0406237
err_f_N2 = 0.0010001
