N_N2_sim = 23915
N_He3_sim = 20770
N_N2_sim_integral = 3.79415e-31
N_He3_sim_integral = 2.43063e-31
nentries_N2 = 81188
nentries_He3 = 1852754
S = 2.54445
Nitrogen fraction = 0.447142
f_N2 = 0.447142
err_f_N2 = 0.0106321
