Cpi_pos = 0.0162656
Cpi_neg = 0.016215
pos_integral = 8201.1
neg_integral = 8169.08
asymCpi = 0.00155872
err_asymCpi = 0.00943616
asymIntegral = 0.00195653
err_asymIntegral = 0.00781578
asymGrinch = 0.00522579
err_asymGrinch = 0.00424494
pi_events_all = 1.12468e-08
QE_events_all = 37291
A_pi = 0.00522579
err_A_pi = 0.00424494
f_pi = 2.8525e-13
err_f_pi = 2.68974e-09
