Cpi_pos = 0.0217866
Cpi_neg = 0.0214662
pos_integral = 12434.5
neg_integral = 12236.7
asymCpi = 0.00740737
err_asymCpi = 4.80818
asymIntegral = 0.00801744
err_asymIntegral = 0.00636636
asymGrinch = 0.0229527
err_asymGrinch = 0.0168291
A_pi = 0.0229527
err_A_pi = 0.0168291
f_pi = 0
err_f_pi = 0
