Cpi_pos = 0.0243882
Cpi_neg = 0.0243306
pos_integral = 14720.9
neg_integral = 14669.2
asymCpi = 0.00118266
err_asymCpi = 4.53055
asymIntegral = 0.00176201
err_asymIntegral = 0.00583309
asymGrinch = 0.0182232
err_asymGrinch = 0.0150902
A_pi = 0.0182232
err_A_pi = 0.0150902
f_pi = 0
err_f_pi = 0
