Cpi_pos = 0.0137004
Cpi_neg = 0.013365
pos_integral = 5670.57
neg_integral = 5522.89
asymCpi = 0.0123957
err_asymCpi = 0.0117003
asymIntegral = 0.0131935
err_asymIntegral = 0.00945105
asymGrinch = 0.0044295
err_asymGrinch = 0.0048669
pi_events_all = 5.61182e-07
QE_events_all = 103606
A_pi = 0.0044295
err_A_pi = 0.0048669
f_pi = 5.2016e-12
err_f_pi = 6.94361e-09
