Cpi_pos = 0.0174635
Cpi_neg = 0.017323
pos_integral = 8843.44
neg_integral = 8762.99
asymCpi = 0.0040398
err_asymCpi = 5.36156
asymIntegral = 0.0045693
err_asymIntegral = 0.00753633
asymGrinch = 0.0204082
err_asymGrinch = 0.0177156
pi_events_all = 128.878
QE_events_all = 53504
A_pi = 0.0204082
err_A_pi = 0.0177156
f_pi = 0.00240876
err_f_pi = 0.000212435
