#run A_phys dA_stat
5045 -0.0177219 5.68488
5046 -0.0177295 5.68734
5047 -1.63805 3.54967
5048 -1.77739 1.5155
5049 2.73871 4.50206
5053 -2.27997 2.40561
5054 -0.0182497 3.37991
5086 -0.0181548 4.11801
5090 -1.06009 2.06711
5091 1.1977 1.42459
5093 -3.23968 1.86429
5094 -2.93632 3.36829
5095 0.689969 1.43334
5099 -3.50408 2.52504
5100 1.42856 2.47243
5101 1.2186 3.24107
5102 -0.0189798 3.0442
5103 0.830095 1.88847
5104 -2.08555 2.8308
5105 -2.72378 3.12449
5106 2.65437 3.0854
5107 0.322334 1.77967
5108 1.19025 1.64242
5109 2.97925 4.89748
5110 -0.0197147 2.23592
5112 0.788411 2.66875
5113 -0.0195281 2.0881
5114 0.501078 2.14272
5115 -1.28073 1.90686
5116 -1.27706 1.64665
5121 0.915668 1.67045
5122 -0.62664 2.34406
5124 -2.03153 2.08026
5126 -0.710954 2.48458
5127 2.71646 1.6593
5129 3.99441 2.37155
5135 3.72979 2.98734
5140 4.1977 3.65142
5142 -8.41581 0
5143 2.78742 3.24007
5145 3.80704 2.26031
5146 -0.0187437 2.27257
5147 -3.91144 1.90504
5148 0.628095 2.32453
5152 -1.974 1.61686
5153 -0.389352 1.77548
5154 -0.0188456 1.67668
5155 -8.59086 0
5156 -2.88361 3.30784
5164 1.70559 1.8892
5165 -2.40721 2.53986
5167 0.397161 1.90619
5176 0.368276 1.85875
5183 -2.5043 1.86839
5185 0.993712 2.13734
5186 -0.838106 1.91106
5187 -304.37 -0
5188 0.67241 -152.521
5301 6.98792 1.88771
5302 1.25876 2.36731
5303 -1.20206 2.34393
5315 -75.5883 -73.839
5316 18.6161 -73.8557
5317 -217.215 -80.6899
5318 -3.82585 2.35062
5320 -0.0218528 2.86182
5321 9.73549 0
5322 -0.0211475 2.76946
5323 1.31813 2.47895
5324 6.56517 1.72449
5364 -101.008 -166.044
5378 -1.89408 2.194
5379 -0.571828 2.13902
5380 2.77285 2.2791
5385 8.34891 0
5386 -4.48779 1.9399
5387 -75.5883 -104.424
5388 -33.2212 -101.051
5406 -3.92867 1.95571
5407 -7.86096 0
5408 1.42552 1.66388
5409 -3.13593 2.07551
5411 -0.0178917 3.31361
5412 -3.47695 1.94902
5414 -2.69578 4.37327
5416 2.16509 2.32163
5449 8.27588 0
5453 8.22607 0
5460 8.19151 0
5461 4.1132 3.57791
5462 -1.49841 2.00203
5463 -2.80641 2.62853
5464 -0.0183745 2.4063
5465 4.14108 3.60217
5466 1.64655 2.57926
5467 2.76599 3.21515
5468 2.45727 1.95131
5469 5.81221 1.6856
5470 -4.24102 1.82835
5471 -0.018649 1.89177
5472 1.52829 1.78383
5476 0.928506 1.99709
5477 2.00692 1.80316
5478 -0.0187068 3.00041
5479 -4.26854 3.68044
5480 -0.520683 2.06571
5481 2.84166 1.90705
5482 4.28192 3.72468
5483 -0.997237 2.06147
5484 0.349995 1.85056
5485 -2.86067 2.23786
5486 -86.4826 -78.1276
5494 -0.810627 2.61403
5495 -2.3799 2.51104
5496 -0.0190392 4.31861
5497 -8.59134 0
5499 1.69262 3.74967
5501 -5.69354 2.59017
5502 2.1161 2.06713
5503 -2.19114 2.31188
5504 1.49552 1.76575
5505 -0.0130779 1.48322
5506 -0.899807 1.95877
5507 1.32314 1.69083
5508 -0.740719 1.76148
5511 0.392657 1.88458
5512 1.20345 1.84797
5513 -1.01711 1.65258
5514 -3.45971 1.84715
5515 -0.66178 1.63535
5517 -0.0184731 3.4213
5518 3.79401 2.25257
5519 15.1982 -66.4902
5523 162.166 -62.7653
5524 0.551701 2.20487
5525 2.55478 1.82995
5526 -3.24409 1.99319
5527 -0.0188806 1.74838
5529 0.428293 1.94579
5531 3.7937 2.25239
5532 0.67241 -107.849
5533 -304.37 -0
5537 -0.0209405 2.37495
5538 3.7256 2.71442
5539 -1.53056 2.5798
5541 -0.0197627 2.11318
5543 -0.703607 2.45891
5544 2.19953 2.14863
5545 -1.00897 2.94964
5548 -2.02578 2.34656
5549 -8.67078 0
5550 0.76981 2.60578
5571 -4.59362 2.72908
5572 -0.621313 2.17131
5573 0.357156 1.71419
5574 -0.367372 1.67525
5575 -1.6407 2.05271
5576 -48.5279 -54.0701
5577 48.8371 -69.1038
5578 73.3016 -64.6514
5579 -17.2713 -73.8557
5580 -42.9051 -114.113
5581 -101.008 -166.044
5582 -101.008 -95.8658
5583 -8.20346 0
5584 -1.46294 1.95464
5586 -1.91808 2.2218
5589 2.76107 4.53882
5592 1.65174 2.58738
5593 -0.0184199 4.17815
5596 -2.80704 2.62912
5597 -0.576903 2.158
5598 1.67669 1.85719
5599 -1.89573 1.75702
5600 -0.904034 1.96797
5601 -5.99491 2.72727
5602 1.19189 1.64469
5603 6.2328 2.0183
5604 -1.63288 2.75227
5605 -0.735011 2.56866
5606 -0.724847 1.7912
5608 -1.43058 1.77647
5609 -0.781572 1.85863
5611 0.739933 1.85523
5612 0.803677 1.57064
5613 0.454361 2.06422
5614 1.92347 1.81925
5615 -8.90791 0
5616 -0.0194762 1.80353
5617 5.22631 3.12786
5619 -6.01971 1.7347
5620 -0.358667 1.69831
5621 0.544957 2.17792
5623 -1.62789 2.49443
5624 -0.0178998 2.56788
5625 0.853975 1.55791
5626 3.1457 1.95559
5627 -8.5198 0
5628 -0.0188183 2.69964
5629 -0.876141 1.90725
5630 0.433363 1.39217
5632 -3.38052 1.64846
5633 -1.74005 3.77069
5634 0.929652 1.99955
5654 -4.4693 3.85354
5655 9.04311 0
5659 2.97899 2.82732
5660 2.98569 4.90808
5661 -0.0200326 2.62345
5663 -0.020179 1.67134
5664 2.11619 2.49857
5665 3.09366 1.92217
5666 1.86213 1.84484
5667 1.15985 2.34282
5670 -3.15555 5.11915
5671 -3.55176 2.18222
5672 -1.72259 1.96246
5673 -1.19959 2.3391
5674 -0.520268 2.17362
5675 -0.0210098 3.8911
5676 6.49711 1.59386
5678 1.33832 3.55947
5679 1.32278 3.51815
5683 -6.34676 2.04166
5685 -0.0208959 2.99769
5686 -0.0209636 6.72476
5688 -0.0210248 4.76902
5690 3.51192 1.92978
5691 0.624017 2.49389
5692 1.19818 2.42025
5693 -0.840938 1.99981
5694 -0.0218437 2.47738
5696 1.4958 1.91147
5697 4.33285 2.06869
5698 -0.486238 2.12722
5699 -1.10414 3.22786
5700 -0.0215311 4.88386
5702 -0.989444 2.1539
5703 -0.0206132 4.67564
5704 2.50954 2.69098
5705 -1.0498 2.17013
5706 0.467514 2.12398
5707 -1.14171 1.85503
5708 -2.58903 2.7317
5709 -1.90936 1.85039
5710 1.15817 2.33942
5711 -0.0207571 2.35414
5712 -9.07428 0
5713 0.581385 2.32351
5714 2.09697 1.75071
5717 -0.462752 2.02447
5718 -1.22556 1.91017
5721 6.34066 1.83885
5722 1.29578 2.43693
5723 3.09884 1.80102
5724 -4.71944 1.33632
5725 1.92959 1.38214
5726 1.508 1.61702
5727 2.69656 1.86374
5728 -6.93065 2.55872
5730 -1.0942 2.2619
5732 0.484015 2.19895
5733 1.04318 1.83199
5734 3.56536 2.21648
5735 -4.10204 3.25187
5736 -5.71615 3.39598
5737 4.70175 4.08986
5739 -2.54935 2.68982
5740 1.98748 1.8798
5741 -0.459113 2.00855
5742 -5.53083 3.28588
5743 2.61175 1.66837
5744 0.821932 1.96732
5745 1.01232 1.7778
5748 -0.0205905 2.49649
5751 -0.0205996 4.67256
5752 2.09486 1.63921
5753 -5.635 3.34776
5754 -0.0206545 4.68502
5755 3.10722 3.6118
5756 -1.36548 1.57478
5761 -2.9609 1.6723
5762 3.53231 2.19594
5763 3.52348 2.19044
5764 6.42628 1.57649
5765 -3.14317 1.92727
5768 0.758514 1.90182
5770 1.30479 2.45386
5771 -304.37 -0
5773 -106.093 -45.1808
5778 36.1425 -46.203
5779 -1.89699 1.8384
5781 1.15659 1.65197
5783 2.67185 2.41373
5784 -1.76357 1.77986
5785 0.66982 1.4701
5805 7.46947 0
5806 -0.0165909 5.32209
5809 -0.386358 1.69026
5810 1.50601 3.33627
5811 -7.58915 0
5815 -0.0165172 1.52953
5816 1.99398 1.6912
5818 -3.25772 1.44318
5819 2.29477 1.82227
5820 -7.92144 0
5821 -0.0167339 5.36797
5828 0.705837 1.13795
5829 -1.90311 1.40793
5830 -4.31998 2.14667
5831 -3.86061 3.32872
5832 -0.0168123 2.20172
5837 0.387324 1.75966
5838 -4.64099 2.75722
5839 -0.472371 1.87404
5840 -0.721933 1.64616
5841 0.500157 1.41342
5842 7.73161 0
5844 -0.0170211 3.86087
5852 -7.63879 0
5854 -0.0168341 2.415
5856 -0.963158 1.87809
5858 -0.0167288 1.78877
5859 3.80857 1.3525
5860 1.67033 1.57983
5861 -0.725264 1.65375
5862 0.693025 1.65878
5863 1.36592 1.32313
5864 -0.330513 1.565
5865 1.38601 1.61777
5866 0.796941 1.71411
5868 -0.795785 1.34316
5869 0.460865 1.97076
5870 0.366986 1.76137
5871 2.42642 1.59508
5872 2.63759 2.5033
5873 -1.60581 2.00906
5874 2.62131 3.04698
5875 0.858578 1.84668
5877 1.0336 1.42626
5879 2.61097 2.14605
5880 -0.0174036 1.97381
5881 -0.733867 2.3665
5882 0.856353 1.5039
5883 -0.998637 1.94727
5884 -0.999368 1.37793
5885 -0.360425 1.64357
5886 -2.65489 1.7583
5887 -0.361131 1.64679
5888 -2.37785 1.67838
5889 0.766498 1.74379
5890 -0.955117 1.55185
5891 0.635044 1.59224
5892 -2.62688 1.9058
5893 -0.382407 1.10173
5894 0.818535 1.046
5895 -0.591264 1.51363
5896 -0.735139 2.3706
5897 7.70572 0
5898 -0.822157 1.43728
5899 1.82482 1.30494
5900 -2.63788 4.27935
5901 -0.0171974 1.37916
5902 -2.1357 2.25339
5903 -0.0171322 1.94303
5904 0.851036 1.83046
5912 -0.532274 1.99107
5914 -0.387314 1.69444
5915 -0.0172913 1.60121
5917 -1.83756 2.12854
5918 -1.14874 2.09474
5919 1.57379 1.55918
5923 -0.0187226 2.1234
5924 1.70221 3.77091
5925 3.27306 2.19124
5926 -0.0186623 1.80502
5927 0.742997 2.51502
5931 2.711 1.55306
5932 -2.27351 3.08593
5933 -82.521 -62.5701
5934 0.67241 -88.0582
5935 0.67241 -81.526
5936 0.67241 -96.4631
5937 38.8028 -75.6625
5938 -5.62985 2.36506
5939 4.58452 3.9879
5941 2.22637 2.17485
5942 -2.40949 2.54227
5943 -1.34524 1.6705
5944 -4.86732 1.86102
5945 0.743223 1.77893
5947 2.06383 2.01607
5948 2.74137 1.83974
5949 5.85676 2.17563
5950 -0.0180361 2.58744
5951 -0.443295 1.85204
5952 0.523692 2.09293
5965 2.34421 2.72489
5966 0.249715 1.37872
5967 3.07993 2.46684
5968 -1.6943 1.96259
5971 5.23009 1.94284
5974 0.476578 1.34679
5975 0.660405 2.23545
5976 0.240926 1.3852
5979 -7.49772 0
5980 -1.08604 2.80072
5985 1.18853 1.32427
5986 -1.37265 1.56379
5987 -0.340811 1.55413
5988 2.67539 1.39521
5989 2.47965 1.66411
5990 0.775363 1.21369
5991 -2.92494 1.36886
5994 2.05313 1.55675
5995 -0.0166958 2.67787
5996 -3.03907 2.18995
5997 -0.412816 1.7247
5998 1.48426 1.47048
5999 3.19288 1.47646
6001 -0.514576 1.92486
6002 -7.47779 0
6003 2.25621 1.48319
6004 -1.88774 1.81182
6005 -1.26672 1.50974
6006 0.963717 1.5537
6007 0.776879 1.67096
6008 1.44271 1.20449
6009 -1.1461 1.75618
6010 -0.0112958 1.09253
6012 1.90987 1.86567
6013 0.24752 1.42311
6014 2.11727 1.46336
6016 0.826435 1.45136
6017 1.87804 1.29724
6018 -0.0166929 1.5458
6019 -0.520596 1.94738
6020 0.486301 1.37427
6024 -2.16533 1.92619
6025 -1.71325 1.31468
6026 -1.64972 1.52902
6027 1.67956 1.31424
6028 0.261569 1.44417
6029 0.261476 1.44366
6030 -3.01824 2.17494
6031 -1.08822 1.98438
6032 3.73327 3.24743
6033 -1.74637 1.43041
6034 2.79181 1.73559
6035 -3.5086 1.70884
6036 0.758794 1.38427
6037 0.520966 1.41861
6038 -2.97222 1.44935
6039 0.244585 1.40624
6040 1.06767 1.41981
6041 -1.53449 1.35752
6042 -0.0167242 1.61756
6043 0.994576 1.37241
6044 -0.774466 1.68592
6048 -1.3914 1.58515
6050 1.28507 1.38099
6051 0.611796 1.53395
6052 -2.12589 1.44637
6053 2.49194 2.8966
6060 -0.343803 1.56777
6061 0.563909 1.47572
6062 2.2075 1.75297
6063 -0.0166763 1.48368
6064 1.8728 1.82945
6065 3.21901 1.82309
6066 -0.276706 1.39974
6068 -0.0166193 2.01499
6069 0.668887 2.26416
6070 -0.0166255 1.47916
6071 0.737792 1.67848
6072 2.20269 1.74915
6073 0.485977 1.37335
6074 0.81951 1.76265
6075 0.817628 1.7586
6076 -1.8912 2.567
6077 -0.766899 1.66944
6078 0.819019 1.76159
6079 -0.853134 2.49408
6081 0.967187 1.55929
6082 -33.2212 -71.4541
6083 -37.4579 -53.5015
