#run N+ N- A_raw dA_raw beamPol dBeam targetPol dTgt
3510 1 0 1 0 86.185 0.163 50.0738 1.62844
3511 1 1 0 0.707107 86.185 0.163 50.0786 1.62865
3512 1 0 1 0 86.185 0.163 50.0863 1.62898
3514 3 0 1 0 86.185 0.163 50.1022 1.62966
3515 1 0 1 0 86.185 0.163 50.1171 1.63031
3517 5 8 -0.230769 0.269864 86.185 0.163 50.1308 1.56693
3518 5 4 0.111111 0.331269 86.185 0.163 50.1538 1.53854
3519 13 4 0.529412 0.205759 86.185 0.163 50.176 1.48179
3520 4 8 -0.333333 0.272166 86.185 0.163 50.202 1.49161
3521 3 4 -0.142857 0.374088 86.185 0.163 50.2156 1.5133
3523 5 4 0.111111 0.331269 86.185 0.163 50.2288 1.63513
3524 8 7 0.0666667 0.257624 86.185 0.163 50.2613 1.5235
3525 4 8 -0.333333 0.272166 86.185 0.163 50.2848 1.63755
3526 1 4 -0.6 0.357771 86.185 0.163 50.3062 1.63848
3552 3 3 0 0.408248 86.185 0.163 52.2459 1.70127
3553 4 4 0 0.353553 86.185 0.163 50.6225 1.54421
3554 1 0 1 0 86.185 0.163 49.5437 1.61799
3555 8 7 0.0666667 0.257624 86.185 0.163 49.0916 1.49283
3556 5 8 -0.230769 0.269864 86.185 0.163 48.8232 1.53216
3557 9 4 0.384615 0.256015 86.185 0.163 48.6088 1.32106
3558 13 6 0.368421 0.213278 86.185 0.163 48.4075 1.40614
3559 4 4 0 0.353553 86.185 0.163 48.3663 1.58358
3560 7 6 0.0769231 0.276528 86.185 0.163 48.5313 1.45784
3561 8 4 0.333333 0.272166 86.185 0.163 48.5325 1.44998
3562 9 5 0.285714 0.25612 86.185 0.163 48.9451 1.34719
3578 9 4 0.384615 0.256015 86.185 0.163 48.873 1.41102
3579 11 8 0.157895 0.226538 86.185 0.163 48.6992 1.42185
3580 8 10 -0.111111 0.234243 86.185 0.163 48.4948 1.45268
3581 5 8 -0.230769 0.269864 86.185 0.163 48.2679 1.45631
3582 3 1 0.5 0.433013 86.185 0.163 48.6977 1.58733
3583 2 1 0.333333 0.544331 86.185 0.163 49.0069 1.59306
3588 6 2 0.5 0.306186 86.185 0.163 49.3532 1.60183
3589 5 12 -0.411765 0.22102 86.185 0.163 48.5205 1.54365
3590 6 7 -0.0769231 0.276528 86.185 0.163 47.6925 1.51869
3591 12 8 0.2 0.219089 86.185 0.163 47.3767 1.45214
3592 7 6 0.0769231 0.276528 86.185 0.163 47.5013 1.51241
3593 9 9 0 0.235702 86.185 0.163 47.6113 1.52904
3594 12 6 0.333333 0.222222 86.185 0.163 47.7593 1.48242
3595 5 12 -0.411765 0.22102 86.185 0.163 47.8673 1.52462
3596 1 3 -0.5 0.433013 86.185 0.163 47.9502 1.3605
3671 3 1 0.5 0.433013 86.185 0.163 52.711 1.76471
3672 5 1 0.666667 0.30429 86.185 0.163 52.021 1.74227
3673 7 4 0.272727 0.290081 86.185 0.163 50.5595 1.63538
3694 1 6 -0.714286 0.26452 86.185 0.163 55.3117 1.78223
3695 2 7 -0.555556 0.27716 86.185 0.163 54.6658 1.84415
3696 1 1 0 0.707107 86.185 0.163 53.9685 2.06051
3697 4 4 0 0.353553 86.185 0.163 54.0343 2.0584
3698 3 0 1 0 86.185 0.163 54.1325 1.67807
3701 3 7 -0.4 0.289828 86.185 0.163 54.016 2.04462
3702 12 16 -0.142857 0.187044 86.185 0.163 53.7952 1.91308
3703 5 14 -0.473684 0.202045 86.185 0.163 52.7853 1.94966
3704 9 9 0 0.235702 86.185 0.163 52.1601 1.9336
3705 7 9 -0.125 0.248039 86.185 0.163 51.9236 1.7186
3706 1 0 1 0 86.185 0.163 51.8015 1.98272
3708 3 1 0.5 0.433013 86.185 0.163 52.1636 1.98643
3709 15 8 0.304348 0.198623 86.185 0.163 52.5457 1.85603
3710 13 8 0.238095 0.211942 86.185 0.163 52.9379 1.79522
3711 4 10 -0.428571 0.241473 86.185 0.163 52.7491 1.83832
3712 7 7 0 0.267261 86.185 0.163 51.6942 1.81624
3713 9 8 0.0588235 0.242116 86.185 0.163 51.3508 1.95105
3714 11 6 0.294118 0.231808 86.185 0.163 51.5702 1.77226
3715 14 14 0 0.188982 86.185 0.163 51.7133 1.8134
3716 10 10 0 0.223607 86.185 0.163 51.7152 1.7573
3717 16 10 0.230769 0.190823 86.185 0.163 51.9614 1.77201
3718 1 5 -0.666667 0.30429 86.185 0.163 52.7173 1.98165
3719 5 9 -0.285714 0.25612 86.185 0.163 52.7912 1.99813
3720 1 0 1 0 86.185 0.163 52.9389 2.01116
3721 1 0 1 0 86.185 0.163 53.1223 2.02093
3722 6 2 0.5 0.306186 86.185 0.163 54.1978 1.95869
3723 5 2 0.428571 0.341494 86.185 0.163 54.3057 2.09385
3729 7 7 0 0.267261 86.185 0.163 52.8023 1.95059
3730 2 1 0.333333 0.544331 86.185 0.163 54.1405 1.6755
3731 2 4 -0.333333 0.3849 86.185 0.163 53.416 2.09789
3732 14 7 0.333333 0.205738 86.185 0.163 52.0487 2.10786
3733 3 3 0 0.408248 86.185 0.163 52.1005 2.15943
3734 10 8 0.111111 0.234243 86.185 0.163 52.2145 2.03504
3737 9 2 0.636364 0.232583 86.185 0.163 52.3824 2.01581
3738 4 7 -0.272727 0.290081 86.185 0.163 52.3926 1.67756
3739 11 4 0.466667 0.22836 86.185 0.163 52.2935 1.75808
3740 10 13 -0.130435 0.206733 86.185 0.163 52.3031 1.78521
3741 7 9 -0.125 0.248039 86.185 0.163 52.3681 1.97286
3742 2 2 0 0.5 86.185 0.163 52.6889 1.98673
3747 1 0 1 0 86.185 0.163 53.0384 2.00186
3748 6 7 -0.0769231 0.276528 86.185 0.163 54.1514 1.97352
3749 9 2 0.636364 0.232583 86.185 0.163 53.7407 1.94088
3750 3 4 -0.142857 0.374088 86.185 0.163 53.7538 2.01903
3752 12 7 0.263158 0.221329 86.185 0.163 53.329 1.65999
3753 2 4 -0.333333 0.3849 86.185 0.163 52.9786 1.82452
3754 5 3 0.25 0.342327 86.185 0.163 52.806 1.9885
3755 9 5 0.285714 0.25612 86.185 0.163 52.3088 1.83409
3756 12 6 0.333333 0.222222 86.185 0.163 51.9066 1.79766
3758 7 8 -0.0666667 0.257624 86.185 0.163 51.5144 1.9606
3759 6 7 -0.0769231 0.276528 86.185 0.163 51.4373 1.95346
3761 3 2 0.2 0.438178 86.185 0.163 51.4157 1.94923
3762 13 10 0.130435 0.206733 86.185 0.163 51.4747 1.67151
3763 12 11 0.0434783 0.208317 86.185 0.163 51.4095 1.8545
3764 9 3 0.5 0.25 86.185 0.163 51.4762 1.77145
3765 9 12 -0.142857 0.21598 86.185 0.163 51.5973 1.64
3766 10 15 -0.2 0.195959 86.185 0.163 51.6955 1.73611
3767 6 6 0 0.288675 86.185 0.163 48.2409 1.81999
3782 2 0 1 0 86.185 0.163 57.0055 2.03917
3784 1 6 -0.714286 0.26452 86.185 0.163 56.4649 1.88654
3786 1 1 0 0.707107 86.185 0.163 56.7218 2.02868
3787 5 3 0.25 0.342327 86.185 0.163 56.4015 1.59614
3788 6 5 0.0909091 0.300263 86.185 0.163 55.8672 1.81093
3789 7 4 0.272727 0.290081 86.185 0.163 54.4636 1.86805
3790 1 1 0 0.707107 86.185 0.163 54.0338 1.37497
3791 6 3 0.333333 0.31427 86.185 0.163 53.901 1.83476
3792 0 1 -1 0 86.185 0.163 54.0759 1.95889
3795 1 0 1 0 86.185 0.163 54.2613 1.97286
3796 0 3 -1 0 86.185 0.163 44.3658 1.634
3810 5 6 -0.0909091 0.300263 86.185 0.163 56.7945 1.86956
3811 5 4 0.111111 0.331269 86.185 0.163 56.3656 1.92712
3812 8 3 0.454545 0.268563 86.185 0.163 56.3755 1.72344
3813 3 5 -0.25 0.342327 86.185 0.163 56.1308 2.00949
3815 2 0 1 0 86.185 0.163 56.6057 1.99922
3822 1 2 -0.333333 0.544331 86.185 0.163 56.2517 1.98365
3823 4 6 -0.2 0.309839 86.185 0.163 56.5094 1.99562
3824 6 7 -0.0769231 0.276528 86.185 0.163 56.2796 2.00034
3825 10 6 0.25 0.242061 86.185 0.163 56.3318 1.72602
3826 5 8 -0.230769 0.269864 86.185 0.163 55.6882 1.81692
3827 11 5 0.375 0.231756 86.185 0.163 55.1388 1.76547
3828 9 7 0.125 0.248039 86.185 0.163 54.5422 1.87959
3829 5 5 0 0.316228 86.185 0.163 54.2276 1.83288
3830 7 12 -0.263158 0.221329 86.185 0.163 54.2086 1.82665
3832 6 6 0 0.288675 86.185 0.163 54.1929 1.84809
3833 7 3 0.4 0.289828 86.185 0.163 54.3339 1.83042
3835 6 11 -0.294118 0.231808 86.185 0.163 54.246 1.70946
3836 4 7 -0.272727 0.290081 86.185 0.163 54.3795 1.90487
3837 12 3 0.6 0.206559 86.185 0.163 54.4537 1.72787
3838 4 6 -0.2 0.309839 86.185 0.163 54.542 1.81998
3839 7 5 0.166667 0.284638 86.185 0.163 54.5751 2.02688
3840 12 5 0.411765 0.22102 86.185 0.163 54.6058 1.95952
3841 7 2 0.555556 0.27716 86.185 0.163 54.632 1.89673
3842 7 8 -0.0666667 0.257624 86.185 0.163 54.7378 1.77776
3843 4 8 -0.333333 0.272166 86.185 0.163 54.7931 1.79961
3844 5 4 0.111111 0.331269 86.185 0.163 54.9007 1.95513
3846 5 5 0 0.316228 86.185 0.163 55.245 1.74447
3847 8 7 0.0666667 0.257624 86.185 0.163 55.5104 1.81803
3848 6 5 0.0909091 0.300263 86.185 0.163 55.6839 1.86413
3849 10 10 0 0.223607 86.185 0.163 55.4758 1.84612
3850 9 8 0.0588235 0.242116 86.185 0.163 54.9866 1.81564
3851 8 9 -0.0588235 0.242116 86.185 0.163 54.26 1.67294
3852 10 14 -0.166667 0.201269 86.185 0.163 52.5679 1.6679
3853 4 8 -0.333333 0.272166 86.185 0.163 50.5282 1.7508
3854 4 9 -0.384615 0.256015 86.185 0.163 47.9468 1.3926
3855 8 10 -0.111111 0.234243 86.185 0.163 46.067 1.6323
3856 11 11 0 0.213201 86.185 0.163 40.9741 1.46419
3857 2 3 -0.2 0.438178 86.185 0.163 39.1113 1.57732
3858 5 5 0 0.316228 86.185 0.163 34.0574 1.46564
3859 8 11 -0.157895 0.226538 86.185 0.163 31.673 1.33685
3860 3 4 -0.142857 0.374088 86.185 0.163 29.561 1.36624
3861 4 4 0 0.353553 86.185 0.163 27.2839 1.1702
3864 6 6 0 0.288675 86.185 0.163 50.0789 1.71174
3866 8 5 0.230769 0.269864 86.185 0.163 51.9548 1.85806
3868 7 4 0.272727 0.290081 86.185 0.163 53.2932 1.82016
3869 10 8 0.111111 0.234243 86.185 0.163 53.1103 1.82231
3878 4 1 0.6 0.357771 82.334 0.07 59.2617 1.6947
3880 9 9 0 0.235702 82.334 0.07 58.7004 1.66611
3881 3 3 0 0.408248 82.334 0.07 58.4494 1.57292
3882 7 4 0.272727 0.290081 82.334 0.07 57.8858 1.74257
3883 6 8 -0.142857 0.26452 82.334 0.07 57.5203 1.69119
3884 10 6 0.25 0.242061 82.334 0.07 57.1448 1.53116
3885 6 3 0.333333 0.31427 82.334 0.07 56.8054 1.78017
3889 4 7 -0.272727 0.290081 82.334 0.07 54.0592 1.78823
3890 10 13 -0.130435 0.206733 82.334 0.07 53.558 1.67093
3923 5 2 0.428571 0.341494 82.334 0.07 57.6767 2.00568
3924 0 2 -1 0 82.334 0.07 57.9249 2.01319
3926 12 10 0.0909091 0.212318 82.334 0.07 57.6204 1.82849
3927 11 2 0.692308 0.200137 82.334 0.07 56.8544 1.91101
3928 4 7 -0.272727 0.290081 82.334 0.07 56.387 1.97774
3929 6 7 -0.0769231 0.276528 82.334 0.07 56.2759 1.81477
3930 4 3 0.142857 0.374088 82.334 0.07 56.1868 1.82326
3931 5 7 -0.166667 0.284638 82.334 0.07 56.2309 1.69876
3932 13 8 0.238095 0.211942 82.334 0.07 55.9927 1.81456
3933 10 6 0.25 0.242061 82.334 0.07 56.0333 1.89804
3934 6 1 0.714286 0.26452 82.334 0.07 56.0831 1.48213
3935 3 9 -0.5 0.25 82.334 0.07 56.0491 1.60109
3936 6 11 -0.294118 0.231808 82.334 0.07 56.1166 1.84364
3937 11 9 0.1 0.222486 82.334 0.07 56.0835 1.7583
3938 4 2 0.333333 0.3849 82.334 0.07 56.0585 1.60699
3939 5 5 0 0.316228 82.334 0.07 56.1469 1.76256
3940 6 7 -0.0769231 0.276528 82.334 0.07 55.9923 1.98941
3941 11 10 0.047619 0.21797 82.334 0.07 55.9696 1.86754
3942 5 3 0.25 0.342327 82.334 0.07 55.9533 1.90454
3944 7 4 0.272727 0.290081 82.334 0.07 55.9265 2.06729
3945 1 2 -0.333333 0.544331 82.334 0.07 55.904 2.09388
3946 7 9 -0.125 0.248039 82.334 0.07 55.8896 1.97497
3947 2 9 -0.636364 0.232583 82.334 0.07 55.8644 2.14074
3948 5 10 -0.333333 0.243432 82.334 0.07 55.8416 1.85794
3951 0 3 -1 0 82.334 0.07 55.8131 1.79727
3952 11 10 0.047619 0.21797 82.334 0.07 55.8032 1.67274
3954 10 6 0.25 0.242061 82.334 0.07 55.5567 2.16605
3955 11 5 0.375 0.231756 82.334 0.07 55.8715 2.08476
3956 4 5 -0.111111 0.331269 82.334 0.07 56.0035 1.94185
3957 14 9 0.217391 0.203528 82.334 0.07 56.1755 2.02195
3959 7 11 -0.222222 0.229809 82.334 0.07 56.5214 2.04252
3960 7 7 0 0.267261 82.334 0.07 56.6785 2.07155
3961 11 6 0.294118 0.231808 82.334 0.07 56.8287 1.85417
3962 2 2 0 0.5 82.334 0.07 56.9121 2.01246
3963 3 4 -0.142857 0.374088 82.334 0.07 57.0065 1.85107
3964 11 9 0.1 0.222486 82.334 0.07 56.9674 1.84285
3965 3 0 1 0 82.334 0.07 56.9343 1.99839
3966 6 7 -0.0769231 0.276528 82.334 0.07 57.0547 1.9196
3967 0 3 -1 0 82.334 0.07 57.484 2.00987
3968 4 3 0.142857 0.374088 82.334 0.07 58.3556 2.0248
3970 13 14 -0.037037 0.192318 82.334 0.07 59.1878 1.96473
3972 5 11 -0.375 0.231756 82.334 0.07 58.7331 1.83204
3973 7 6 0.0769231 0.276528 82.334 0.07 58.7675 1.8645
3974 5 3 0.25 0.342327 82.334 0.07 58.6791 1.89153
3975 5 7 -0.166667 0.284638 82.334 0.07 58.5851 2.01741
3976 2 6 -0.5 0.306186 82.334 0.07 58.2841 2.01364
3977 5 8 -0.230769 0.269864 82.334 0.07 58.7071 1.9421
3978 2 3 -0.2 0.438178 82.334 0.07 59.0046 2.03013
3980 2 2 0 0.5 82.334 0.07 59.5933 2.0581
3981 0 2 -1 0 82.334 0.07 59.7218 2.06311
3983 2 1 0.333333 0.544331 82.334 0.07 59.7083 2.07336
3985 4 7 -0.272727 0.290081 82.334 0.07 59.7991 1.7735
3986 1 1 0 0.707107 82.334 0.07 59.5465 2.07854
3996 3 5 -0.25 0.342327 82.334 0.07 58.1202 2.02753
3998 2 2 0 0.5 82.334 0.07 57.1785 1.99555
4023 1 1 0 0.707107 82.334 0.07 56.0878 2.03882
4024 2 0 1 0 82.334 0.07 56.0511 1.43885
4025 6 0 1 0 82.334 0.07 55.9731 2.02636
4027 2 1 0.333333 0.544331 82.334 0.07 55.8685 2.015
4028 4 8 -0.333333 0.272166 82.334 0.07 54.9436 1.83077
4029 8 4 0.333333 0.272166 82.334 0.07 55.8526 1.8302
4030 2 1 0.333333 0.544331 82.334 0.07 55.9278 2.0077
4031 2 6 -0.5 0.306186 82.334 0.07 56.072 1.74391
4032 1 2 -0.333333 0.544331 82.334 0.07 56.5865 2.02001
4034 1 2 -0.333333 0.544331 82.334 0.07 56.4107 2.0243
4035 2 3 -0.2 0.438178 82.334 0.07 56.5071 2.02549
4036 1 2 -0.333333 0.544331 82.334 0.07 56.5534 1.65429
4037 3 2 0.2 0.438178 82.334 0.07 56.629 2.027
4038 3 2 0.2 0.438178 82.334 0.07 56.6806 2.02763
4043 1 2 -0.333333 0.544331 82.334 0.07 56.7682 2.02872
4044 3 7 -0.4 0.289828 82.334 0.07 56.8455 1.92549
4046 1 1 0 0.707107 82.334 0.07 57.0597 1.43591
4048 1 0 1 0 82.334 0.07 -1 -1
4051 3 8 -0.454545 0.268563 82.334 0.07 -1 -1
4052 4 2 0.333333 0.3849 82.334 0.07 -1 -1
4053 6 7 -0.0769231 0.276528 82.334 0.07 -1 -1
4054 4 8 -0.333333 0.272166 82.334 0.07 -1 -1
4055 2 2 0 0.5 82.334 0.07 -1 -1
4056 1 2 -0.333333 0.544331 82.334 0.07 -1 -1
4057 2 5 -0.428571 0.341494 82.334 0.07 -1 -1
4058 5 5 0 0.316228 82.334 0.07 -1 -1
4059 5 2 0.428571 0.341494 82.334 0.07 58.0797 1.87516
4060 5 5 0 0.316228 82.334 0.07 58.129 1.92381
4061 3 3 0 0.408248 82.334 0.07 58.1589 1.85257
4062 2 6 -0.5 0.306186 82.334 0.07 58.2575 1.90011
4063 5 3 0.25 0.342327 82.334 0.07 58.4751 2.03844
4064 4 3 0.142857 0.374088 82.334 0.07 59.0803 1.90108
4065 5 5 0 0.316228 82.334 0.07 59.8512 2.07129
4066 0 3 -1 0 82.334 0.07 60.0863 1.70178
4067 2 2 0 0.5 82.334 0.07 60.5068 1.80662
4068 6 5 0.0909091 0.300263 82.334 0.07 60.3816 1.98238
4069 4 3 0.142857 0.374088 82.334 0.07 60.225 2.07121
4070 1 0 1 0 82.334 0.07 60.167 2.06815
4071 5 1 0.666667 0.30429 82.334 0.07 60.0622 2.06368
4072 6 7 -0.0769231 0.276528 82.334 0.07 60.1095 1.89667
4073 1 1 0 0.707107 82.334 0.07 60.3215 2.07096
4074 8 6 0.142857 0.26452 82.334 0.07 60.2914 1.92978
4075 5 2 0.428571 0.341494 82.334 0.07 60.6879 2.0857
4076 3 4 -0.142857 0.374088 82.334 0.07 60.2546 1.91704
4077 6 2 0.5 0.306186 82.334 0.07 59.8652 1.92998
4078 11 7 0.222222 0.229809 82.334 0.07 59.5781 1.99301
4079 5 1 0.666667 0.30429 82.334 0.07 59 1.86096
4080 5 4 0.111111 0.331269 82.334 0.07 58.4889 1.91311
4081 0 2 -1 0 82.334 0.07 58.1517 2.02221
4082 2 4 -0.333333 0.3849 82.334 0.07 58.4402 1.85265
4083 6 4 0.2 0.309839 82.334 0.07 58.7606 2.03647
4084 2 6 -0.5 0.306186 82.334 0.07 59.8507 1.92378
4085 9 5 0.285714 0.25612 82.334 0.07 60.339 2.07495
4086 4 2 0.333333 0.3849 82.334 0.07 60.0987 2.07475
4087 1 2 -0.333333 0.544331 82.334 0.07 59.8184 2.07441
4088 3 2 0.2 0.438178 82.334 0.07 59.9313 1.86778
4089 2 3 -0.2 0.438178 82.334 0.07 60.2824 2.09897
4091 0 2 -1 0 82.334 0.07 61.2942 2.1312
4092 0 3 -1 0 82.334 0.07 61.6669 2.13069
4093 1 2 -0.333333 0.544331 82.334 0.07 61.9131 2.13039
4094 1 1 0 0.707107 82.334 0.07 61.5295 2.1188
4095 4 1 0.6 0.357771 82.334 0.07 61.279 2.1132
4096 1 2 -0.333333 0.544331 82.334 0.07 60.8891 2.10448
4097 1 2 -0.333333 0.544331 82.334 0.07 60.2565 2.09243
4098 5 0 1 0 82.334 0.07 60.0833 2.08628
4099 4 4 0 0.353553 82.334 0.07 59.9427 1.94819
4100 3 6 -0.333333 0.31427 82.334 0.07 59.873 2.07845
4101 3 4 -0.142857 0.374088 82.334 0.07 59.708 1.9227
4102 5 10 -0.333333 0.243432 82.334 0.07 59.8104 2.00871
4103 3 0 1 0 82.334 0.07 60.0312 2.08306
4104 4 2 0.333333 0.3849 82.334 0.07 59.995 2.08238
4105 3 6 -0.333333 0.31427 82.334 0.07 59.9928 2.07859
4106 1 1 0 0.707107 82.334 0.07 59.9654 2.07551
4107 1 2 -0.333333 0.544331 82.334 0.07 59.7586 2.06984
4114 5 5 0 0.316228 82.334 0.07 56.3218 2.02391
4115 2 4 -0.333333 0.3849 82.334 0.07 56.4348 2.02515
4116 2 2 0 0.5 82.334 0.07 56.4907 1.75439
4117 6 6 0 0.288675 82.334 0.07 56.5757 2.0267
4118 4 0 1 0 82.334 0.07 56.681 2.02785
4119 9 2 0.636364 0.232583 82.334 0.07 56.7865 2.02901
4120 7 3 0.4 0.289828 82.334 0.07 56.9538 2.03085
4121 8 5 0.230769 0.269864 82.334 0.07 57.0869 1.86948
4122 1 1 0 0.707107 82.334 0.07 57.1901 2.03344
4155 0 1 -1 0 82.334 0.07 56.4275 2.05183
4156 3 4 -0.142857 0.374088 82.334 0.07 59.146 2.05953
4159 0 2 -1 0 82.334 0.07 59.5701 2.07192
4160 1 3 -0.5 0.433013 82.334 0.07 60.3532 2.08746
4164 3 2 0.2 0.438178 82.334 0.07 59.7688 2.07932
4165 3 6 -0.333333 0.31427 82.334 0.07 59.2112 2.06477
4167 1 3 -0.5 0.433013 82.334 0.07 58.8204 2.05456
4168 4 4 0 0.353553 82.334 0.07 57.8757 1.90786
4169 0 3 -1 0 82.334 0.07 57.9777 2.03193
4170 3 2 0.2 0.438178 82.334 0.07 57.94 2.02719
4171 6 3 0.333333 0.31427 82.334 0.07 57.9231 1.90939
4172 3 0 1 0 82.334 0.07 57.9005 2.02223
4173 1 5 -0.666667 0.30429 82.334 0.07 57.8727 1.64986
4175 1 1 0 0.707107 82.334 0.07 57.8589 2.01547
4176 2 1 0.333333 0.544331 82.334 0.07 57.8551 2.01392
4178 0 2 -1 0 82.334 0.07 57.8525 2.01289
4179 3 1 0.5 0.433013 82.334 0.07 57.8483 2.01119
4180 3 3 0 0.408248 82.334 0.07 57.844 2.00946
4181 3 3 0 0.408248 82.334 0.07 57.8405 2.00806
4182 2 2 0 0.5 82.334 0.07 57.8375 2.00687
4186 0 2 -1 0 82.334 0.07 57.8293 2.00356
4187 2 7 -0.555556 0.27716 82.334 0.07 57.8266 1.888
4188 4 2 0.333333 0.3849 82.334 0.07 57.5055 2.00158
4190 2 2 0 0.5 82.334 0.07 56.5864 1.97427
4192 1 0 1 0 82.334 0.07 55.4846 1.96687
4194 3 1 0.5 0.433013 82.334 0.07 57.7574 2.01557
4195 5 7 -0.166667 0.284638 82.334 0.07 58.2991 2.02718
4196 10 3 0.538462 0.233709 82.334 0.07 58.9241 1.96331
4197 1 7 -0.75 0.233854 82.334 0.07 59.3727 2.05008
4198 13 13 0 0.196116 82.334 0.07 58.5774 1.99282
4199 8 3 0.454545 0.268563 82.334 0.07 57.9493 2.01602
4200 4 4 0 0.353553 82.334 0.07 57.8277 1.88876
4201 6 5 0.0909091 0.300263 82.334 0.07 58.5267 2.04245
4202 1 0 1 0 82.334 0.07 58.8072 2.05182
4203 9 12 -0.142857 0.21598 82.334 0.07 59.066 1.90738
4204 2 3 -0.2 0.438178 82.334 0.07 59.0011 2.0574
4214 4 6 -0.2 0.309839 82.334 0.07 58.9564 1.94841
4215 3 2 0.2 0.438178 82.334 0.07 58.8776 1.84263
4216 4 1 0.6 0.357771 82.334 0.07 58.8614 2.08165
4217 0 5 -1 0 82.334 0.07 58.8511 2.09547
4218 1 1 0 0.707107 82.334 0.07 58.8251 2.13049
4219 2 4 -0.333333 0.3849 82.334 0.07 58.8051 2.14418
4220 5 2 0.428571 0.341494 82.334 0.07 56.6395 2.07644
4223 6 8 -0.142857 0.26452 82.334 0.07 47.8873 1.62569
4224 10 3 0.538462 0.233709 82.334 0.07 47.2128 1.71345
4230 0 1 -1 0 82.334 0.07 50.289 1.83229
4231 10 10 0 0.223607 82.334 0.07 52.4996 1.70678
4233 7 5 0.166667 0.284638 82.334 0.07 55.1213 1.98372
4234 2 5 -0.428571 0.341494 82.334 0.07 56.3516 2.00082
4236 1 0 1 0 82.334 0.07 57.9728 2.02189
4251 8 11 -0.157895 0.226538 82.334 0.07 58.0222 1.97898
4252 5 13 -0.444444 0.211144 82.334 0.07 57.5262 1.89184
4253 11 6 0.294118 0.231808 82.334 0.07 57.143 1.80379
4254 16 10 0.230769 0.190823 82.334 0.07 57.1383 1.82452
4256 11 14 -0.12 0.198555 82.334 0.07 57.3291 1.78413
4257 7 6 0.0769231 0.276528 82.334 0.07 57.3488 1.8432
4258 3 4 -0.142857 0.374088 82.334 0.07 57.189 2.01151
4260 1 0 1 0 82.334 0.07 58.1763 2.03169
4261 5 1 0.666667 0.30429 82.334 0.07 56.7429 1.66399
4262 2 3 -0.2 0.438178 82.334 0.07 56.8141 2.03973
4263 8 5 0.230769 0.269864 82.334 0.07 56.9091 1.96188
4264 3 2 0.2 0.438178 82.334 0.07 57.0103 2.04446
4265 8 9 -0.0588235 0.242116 82.334 0.07 57.2371 1.98864
4266 6 1 0.714286 0.26452 82.334 0.07 57.3719 1.73491
4273 3 0 1 0 82.334 0.07 59.1723 1.79866
4274 8 6 0.142857 0.26452 82.334 0.07 58.8616 1.97754
4275 6 9 -0.2 0.252982 82.334 0.07 58.2173 2.02267
4284 3 2 0.2 0.438178 82.334 0.07 57.7042 2.01984
4285 6 3 0.333333 0.31427 82.334 0.07 57.7146 2.01734
4286 4 3 0.142857 0.374088 82.334 0.07 57.7951 1.86583
4288 1 5 -0.666667 0.30429 82.334 0.07 58.1208 1.8452
4289 13 4 0.529412 0.205759 82.334 0.07 58.7542 2.03428
4290 4 8 -0.333333 0.272166 82.334 0.07 59.225 1.95616
4292 3 3 0 0.408248 82.334 0.07 59.9327 2.05902
4293 1 2 -0.333333 0.544331 82.334 0.07 60.0789 1.68775
4297 10 2 0.666667 0.215166 82.334 0.07 58.7135 1.85517
4298 2 3 -0.2 0.438178 82.334 0.07 58.2679 2.02045
4299 3 3 0 0.408248 82.334 0.07 56.451 1.78747
4300 5 2 0.428571 0.341494 82.334 0.07 53.6012 1.86695
4302 1 0 1 0 82.334 0.07 52.0707 1.81848
4303 6 5 0.0909091 0.300263 82.334 0.07 54.1094 1.79319
4304 6 4 0.2 0.309839 82.334 0.07 54.5637 1.6944
4305 0 1 -1 0 82.334 0.07 54.7343 1.89992
4307 7 7 0 0.267261 82.334 0.07 55.4628 1.77755
4308 6 4 0.2 0.309839 82.334 0.07 55.6159 1.92099
4309 1 0 1 0 82.334 0.07 55.7764 1.92205
4310 3 1 0.5 0.433013 82.334 0.07 55.8831 1.92276
4311 3 2 0.2 0.438178 82.334 0.07 56.0487 1.72072
4315 4 2 0.333333 0.3849 82.334 0.07 56.4541 1.92654
4316 0 2 -1 0 82.334 0.07 56.5185 1.36278
4320 3 4 -0.142857 0.374088 82.334 0.07 54.0663 1.91153
4321 1 0 1 0 82.334 0.07 53.8977 1.91046
4323 2 3 -0.2 0.438178 82.334 0.07 53.2887 1.90752
4324 6 3 0.333333 0.31427 82.334 0.07 53.426 1.79984
4328 6 7 -0.0769231 0.276528 82.334 0.07 53.8636 1.844
4329 11 9 0.1 0.222486 82.334 0.07 54.2027 1.82851
4330 6 7 -0.0769231 0.276528 82.334 0.07 54.4546 1.69566
4331 1 0 1 0 82.334 0.07 54.7164 1.93709
4332 4 0 1 0 82.334 0.07 54.8531 1.68364
4333 5 4 0.111111 0.331269 82.334 0.07 54.9953 1.95005
4334 5 2 0.428571 0.341494 82.334 0.07 55.0968 1.80945
4335 1 1 0 0.707107 82.334 0.07 55.1681 1.95811
4339 3 2 0.2 0.438178 82.334 0.07 53.3216 1.46184
4341 3 1 0.5 0.433013 82.334 0.07 53.2219 1.90077
4343 3 2 0.2 0.438178 82.334 0.07 53.6095 1.90337
4344 0 1 -1 0 82.334 0.07 53.3505 1.90085
4354 6 7 -0.0769231 0.276528 82.334 0.07 53.1066 1.82455
4355 9 9 0 0.235702 82.334 0.07 53.4086 1.61679
4356 6 9 -0.2 0.252982 82.334 0.07 53.1421 1.82778
4357 9 11 -0.1 0.222486 82.334 0.07 52.4225 1.67317
4359 11 2 0.692308 0.200137 82.334 0.07 51.7298 1.70282
4360 7 7 0 0.267261 82.334 0.07 51.7599 1.71945
4361 8 8 0 0.25 82.334 0.07 52.2078 1.81913
4363 6 9 -0.2 0.252982 82.334 0.07 53.1039 1.91843
4364 7 7 0 0.267261 82.334 0.07 53.2613 1.84422
4365 5 4 0.111111 0.331269 82.334 0.07 53.3658 1.80133
4367 3 0 1 0 82.334 0.07 53.6152 1.90682
4368 6 12 -0.333333 0.222222 82.334 0.07 53.5435 1.68054
4370 5 5 0 0.316228 82.334 0.07 53.5688 1.80719
4371 9 7 0.125 0.248039 82.334 0.07 53.5913 1.57904
4372 9 11 -0.1 0.222486 82.334 0.07 54.5061 1.75527
4374 3 6 -0.333333 0.31427 82.334 0.07 53.5348 1.90061
4375 4 5 -0.111111 0.331269 82.334 0.07 53.3929 1.89844
4376 3 7 -0.4 0.289828 82.334 0.07 53.2432 1.89615
4378 7 10 -0.176471 0.238729 82.334 0.07 52.9092 1.77639
4379 6 10 -0.25 0.242061 82.334 0.07 53.0808 1.70234
4471 1 1 0 0.707107 82.334 0.07 32.0012 1.42781
4474 1 1 0 0.707107 82.334 0.07 35.1466 1.08306
4475 2 2 0 0.5 82.334 0.07 35.1809 1.32244
4476 1 3 -0.5 0.433013 82.334 0.07 -1 -1
4478 6 3 0.333333 0.31427 82.334 0.07 -1 -1
4479 11 6 0.294118 0.231808 82.334 0.07 -1 -1
4482 3 7 -0.4 0.289828 82.334 0.07 -1 -1
4483 0 1 -1 0 82.334 0.07 -1 -1
4486 5 1 0.666667 0.30429 82.334 0.07 -1 -1
4487 6 1 0.714286 0.26452 82.334 0.07 -1 -1
4488 1 1 0 0.707107 82.334 0.07 -1 -1
4490 2 3 -0.2 0.438178 82.334 0.07 -1 -1
4491 4 9 -0.384615 0.256015 82.334 0.07 36.8227 1.51723
4492 1 1 0 0.707107 82.334 0.07 36.6326 1.57132
4493 3 2 0.2 0.438178 82.334 0.07 36.6429 1.56424
4494 6 3 0.333333 0.31427 82.334 0.07 36.4985 1.4785
4495 4 4 0 0.353553 82.334 0.07 36.6845 1.47918
4497 1 4 -0.6 0.357771 82.334 0.07 36.9229 1.59705
4498 0 2 -1 0 82.334 0.07 37.0151 1.60991
4503 2 7 -0.555556 0.27716 82.334 0.07 37.1297 1.51315
4507 11 4 0.466667 0.22836 82.334 0.07 37.0559 1.59334
4510 4 2 0.333333 0.3849 82.334 0.07 36.9191 1.58399
4512 11 9 0.1 0.222486 82.334 0.07 36.9314 1.5007
4514 8 9 -0.0588235 0.242116 82.334 0.07 36.7989 1.5359
4522 5 8 -0.230769 0.269864 82.334 0.07 36.7142 1.38658
4523 10 19 -0.310345 0.176526 82.334 0.07 36.7077 1.31018
4524 7 6 0.0769231 0.276528 82.334 0.07 36.6546 1.44857
4526 15 8 0.304348 0.198623 82.334 0.07 36.7416 1.43293
4540 6 3 0.333333 0.31427 82.334 0.07 37.5076 1.51958
4543 1 2 -0.333333 0.544331 82.334 0.07 38.0794 1.32386
4547 4 5 -0.111111 0.331269 82.334 0.07 37.4558 1.60924
4549 15 6 0.428571 0.197162 82.334 0.07 36.7608 1.56961
4552 11 5 0.375 0.231756 82.334 0.07 36.2211 1.44766
4554 6 7 -0.0769231 0.276528 82.334 0.07 36.0705 1.48014
4556 10 8 0.111111 0.234243 82.334 0.07 36.2781 1.41581
4557 8 2 0.6 0.252982 82.334 0.07 36.314 1.47632
4559 6 12 -0.333333 0.222222 82.334 0.07 36.1482 1.47136
4560 3 3 0 0.408248 82.334 0.07 36.676 1.56724
4562 3 6 -0.333333 0.31427 82.334 0.07 36.9553 1.41026
4569 17 11 0.214286 0.184592 82.334 0.07 37.097 1.52222
4570 11 9 0.1 0.222486 82.334 0.07 36.6416 1.43615
4571 17 10 0.259259 0.18587 82.334 0.07 36.6445 1.47689
4572 5 4 0.111111 0.331269 82.334 0.07 36.9437 1.50149
4573 9 4 0.384615 0.256015 82.334 0.07 37.0582 1.52265
4574 8 3 0.454545 0.268563 82.334 0.07 36.9456 1.50479
4575 8 7 0.0666667 0.257624 82.334 0.07 36.8424 1.46313
4576 19 17 0.0555556 0.166409 82.334 0.07 36.7348 1.45397
4577 11 12 -0.0434783 0.208317 82.334 0.07 36.5686 1.45503
4578 0 3 -1 0 82.334 0.07 34.3618 1.47539
4579 15 12 0.111111 0.191258 82.334 0.07 34.8691 1.28645
4580 17 17 0 0.171499 82.334 0.07 36.0286 1.41677
4581 11 14 -0.12 0.198555 82.334 0.07 36.6074 1.42481
4582 15 14 0.0344828 0.185585 82.334 0.07 36.5999 1.47216
4583 10 23 -0.393939 0.160001 82.334 0.07 36.5934 1.40649
4585 7 3 0.4 0.289828 82.334 0.07 36.5816 1.3012
4586 4 6 -0.2 0.309839 82.334 0.07 36.5774 1.47552
4587 8 3 0.454545 0.268563 82.334 0.07 36.5725 1.32649
