Q2_avg = 3.03391
tau_avg = 0.86206
epsilon_avg = 0.790406
Px_avg = 0.990325
Pz_avg = -0.0512203
