Q2_avg = 3.02081
tau_avg = 0.858336
epsilon_avg = 0.791558
Px_avg = 0.990365
Pz_avg = -0.0509665
