Aphys = 0.273378
err_Aphys_stat = 0.0230708
err_Aphys_sys = 0.00711351

err_Aacc_sys = 0.00103158
err_Aacc_sys_% = 2.10299

err_Api_sys = 0
err_Api_sys_% = 0

err_Ain_sys = 0.000707332
err_Ain_sys_% = 0.988734

err_Ap_sys = 0
err_Ap_sys_% = 0

err_Afsi_sys = 0
err_Afsi_sys_% = 0

err_fN2_sys_% = 0.00568235
err_fN2_sys_% = 63.8099

err_facc_sys = 0.000230852
err_facc_sys_% = 0.105317

err_fpi_sys = 0
err_fpi_sys_% = 0

err_fin_sys = 0.000274421
err_fin_sys_% = 0.148822

err_fp_sys = 0.000276117
err_fp_sys_% = 0.150667

err_ffsi_sys = 0
err_ffsi_sys_% = 0

err_Ptar_sys = 0.0037643
err_Ptar_sys_% = 28.0028

err_Pn_sys = 0.00142384
err_Pn_sys_% = 4.00642

err_Pbeam_sys = 0.00058844
err_Pbeam_sys_% = 0.684286
