total_good_events = 78647
Np = 40947
Nm = 37700
A_raw = 0.0412857
err_A_raw = 0.00356278
Np_p = 111290
Np_m = 110275
A_raw_p = 0.00458105
err_Araw_p = 0.00212444
Np_verify = 40947
Nm_verify = 37700
A_raw_verify = 0.0413742
err_A_raw_verify = 0.00356045
