Np = 31916
Nm = 34782
A_raw = -0.0429698
err_A_raw = 0.0038685
Np_p = 165903
Np_m = 166881
A_raw_p = -0.00293884
err_Araw_p = 0.00173347
Np_verify = 31916
Nm_verify = 34782
A_raw_verify = -0.0430768
err_A_raw_verify = 0.00386581
