Np = 39718
Nm = 36511
A_raw = 0.0420706
err_A_raw = 0.00361872
Np_p = 160752
Np_m = 159524
A_raw_p = 0.00383419
err_Araw_p = 0.00176699
Np_verify = 39718
Nm_verify = 36511
A_raw_verify = 0.0421655
err_A_raw_verify = 0.00361631
