total_good_events = 103565
Np = 53891
Nm = 49674
A_raw = 0.0407184
err_A_raw = 0.0031048
Np_p = 89374
Np_m = 88873
A_raw_p = 0.00281071
err_Araw_p = 0.00236858
Np_verify = 53891
Nm_verify = 49674
A_raw_verify = 0.0407835
err_A_raw_verify = 0.00310326
