Np = 32619
Nm = 30233
A_raw = 0.0379622
err_A_raw = 0.00398591
Np_p = 125948
Np_m = 125148
A_raw_p = 0.00318603
err_Araw_p = 0.00199562
Np_verify = 32619
Nm_verify = 30233
A_raw_verify = 0.0380498
err_A_raw_verify = 0.00398284
