lambda = 0.757157
sigma_lambda_stat = 0.132274
sigma_lambda_sys  = 0.0402935
sigma_lambda      = 0.138275
