lambda = -0.493659
sigma_lambda_stat = 0.0645045
sigma_lambda_sys  = 0.0198889
sigma_lambda      = 0.0675011
