lambda = -0.240417
sigma_lambda_stat = 0.0270229
sigma_lambda_sys  = 0.0045707
sigma_lambda      = 0.0274067
