lambda = -0.271001
sigma_lambda_stat = 0.0274084
sigma_lambda_sys  = 0.00450598
sigma_lambda      = 0.0277763
