lambda = -0.198586
sigma_lambda_stat = 0.0276691
sigma_lambda_sys  = 0.00406648
sigma_lambda      = 0.0279663
