lambda = -0.185961
sigma_lambda_stat = 0.0303474
sigma_lambda_sys  = 0.0715748
sigma_lambda      = 0.0777427
