Q2 = 3.0223
tau = 0.858761
epsilon  = 0.791325
Px      = 0.990596
Pz      = -0.0506643
Aacc      = -0.0120617+-0.0167471
Api      = 0.00522579+-0.00424494
Ain      = 0.010501+-0.0005758
Ap       = 0+-0
Afsi     = 0.0003+-0.0005
facc     = 0.0127322+-0.000535553
fpi      = 2.8525e-13+-2.68974e-09
fin      = 0.00955201+-0.000494905
fp       = 0.0398937+-0.000714408
fN2      = 0.0414661+-0.00104523
ffsi     = 0.0287+-0.0026
lambda = -0.240417+-0.0270229(stat) +-0.0045707(sys)
mu_n*G_E/G_M = 0.459929+--0.051696(stat) +--0.00874395(sys)
