Q2 = 2.98184
tau = 0.847262
epsilon  = 0.79452
Px      = 0.991045
Pz      = -0.0481364
Aacc      = 0.00628728+-0.00897792
Api      = 0.0044295+-0.0048669
Ain      = 0.0101491+-0.00072649
Ap       = 0+-0
Afsi     = 0.0003+-0.0005
facc     = 0.0105538+-0.000317536
fpi      = 5.2016e-12+-6.94361e-09
fin      = 0.119265+-0.00111912
fp       = 0.0419545+-0.000620185
fN2      = 0.0291211+-0.000702836
ffsi     = 0.0287+-0.0026
lambda = -0.271001+-0.0274084(stat) +-0.00450598(sys)
mu_n*G_E/G_M = 0.518437+--0.0524335(stat) +--0.00862014(sys)
